# DRAP Tabular Values
# Product: D-Region Absorption         S:\DRAP Archive\SWX_DRAP20_C_SWPC_20151001180000_GLOBAL.txt
# Product Valid At : 2015-10-01 18:00 UTC
#
# Prepared by the U.S. Dept. of Commerce, NOAA, Space Weather Prediction Center.
# Please send comments and suggestions to SWPC.Webmaster@noaa.gov
#
# Estimated Recovery Time : No Estimate
#
#  X-RAY Message : Normal X-ray Background
#
#  X-RAY Warning :  
#
#  Proton Message : Normal Proton Background
#
#  Proton Warning : 
#
# Frequency (MHz) as a function of Latitude and Longitude
#
      -178 -174 -170 -166 -162 -158 -154 -150 -146 -142 -138 -134 -130 -126 -122 -118 -114 -110 -106 -102  -98  -94  -90  -86  -82  -78  -74  -70  -66  -62  -58  -54  -50  -46  -42  -38  -34  -30  -26  -22  -18  -14  -10   -6   -2    2    6   10   14   18   22   26   30   34   38   42   46   50   54   58   62   66   70   74   78   82   86   90   94   98  102  106  110  114  118  122  126  130  134  138  142  146  150  154  158  162  166  170  174  178
------------------------------------------------------------------------------------------------------------------------------------------------------------------------------------------------------------------------------------------------------------------------------------------------------------------------------------------------------------------------------------------------------------------------------------------------------------------------
 89 |  0.0  0.0  0.0  0.0  0.0  0.0  0.0  0.0  0.0  0.0  0.0  0.0  0.0  0.0  0.0  0.0  0.0  0.0  0.0  0.0  0.0  0.0  0.0  0.0  0.0  0.0  0.0  0.0  0.0  0.0  0.0  0.0  0.0  0.0  0.0  0.0  0.0  0.0  0.0  0.0  0.0  0.0  0.0  0.0  0.0  0.0  0.0  0.0  0.0  0.0  0.0  0.0  0.0  0.0  0.0  0.0  0.0  0.0  0.0  0.0  0.0  0.0  0.0  0.0  0.0  0.0  0.0  0.0  0.0  0.0  0.0  0.0  0.0  0.0  0.0  0.0  0.0  0.0  0.0  0.0  0.0  0.0  0.0  0.0  0.0  0.0  0.0  0.0  0.0  0.0
 87 |  0.0  0.0  0.0  0.0  0.0  0.0  0.0  0.0  0.0  0.0  0.0  0.0  0.0  0.0  0.0  0.0  0.0  0.0  0.0  0.0  0.0  0.0  0.0  0.0  0.0  0.0  0.0  0.0  0.0  0.0  0.0  0.0  0.0  0.0  0.0  0.0  0.0  0.0  0.0  0.0  0.0  0.0  0.0  0.0  0.0  0.0  0.0  0.0  0.0  0.0  0.0  0.0  0.0  0.0  0.0  0.0  0.0  0.0  0.0  0.0  0.0  0.0  0.0  0.0  0.0  0.0  0.0  0.0  0.0  0.0  0.0  0.0  0.0  0.0  0.0  0.0  0.0  0.0  0.0  0.0  0.0  0.0  0.0  0.0  0.0  0.0  0.0  0.0  0.0  0.0
 85 |  0.0  0.0  0.0  0.0  0.0  0.0  0.0  0.0  0.0  0.0  0.0  0.0  0.0  0.0  0.0  0.0  0.1  0.1  0.2  0.2  0.2  0.2  0.2  0.2  0.2  0.2  0.2  0.1  0.1  0.0  0.0  0.0  0.0  0.0  0.0  0.0  0.0  0.0  0.0  0.0  0.0  0.0  0.0  0.0  0.0  0.0  0.0  0.0  0.0  0.0  0.0  0.0  0.0  0.0  0.0  0.0  0.0  0.0  0.0  0.0  0.0  0.0  0.0  0.0  0.0  0.0  0.0  0.0  0.0  0.0  0.0  0.0  0.0  0.0  0.0  0.0  0.0  0.0  0.0  0.0  0.0  0.0  0.0  0.0  0.0  0.0  0.0  0.0  0.0  0.0
 83 |  0.0  0.0  0.0  0.0  0.0  0.0  0.0  0.0  0.0  0.0  0.1  0.3  0.4  0.4  0.5  0.6  0.6  0.7  0.7  0.8  0.8  0.8  0.8  0.8  0.8  0.8  0.7  0.7  0.6  0.6  0.5  0.4  0.4  0.3  0.1  0.0  0.0  0.0  0.0  0.0  0.0  0.0  0.0  0.0  0.0  0.0  0.0  0.0  0.0  0.0  0.0  0.0  0.0  0.0  0.0  0.0  0.0  0.0  0.0  0.0  0.0  0.0  0.0  0.0  0.0  0.0  0.0  0.0  0.0  0.0  0.0  0.0  0.0  0.0  0.0  0.0  0.0  0.0  0.0  0.0  0.0  0.0  0.0  0.0  0.0  0.0  0.0  0.0  0.0  0.0
 81 |  0.0  0.0  0.0  0.0  0.0  0.0  0.0  0.0  0.3  0.4  0.6  0.7  0.8  0.9  0.9  1.0  1.1  1.1  1.2  1.2  1.2  1.2  1.2  1.2  1.2  1.2  1.2  1.1  1.1  1.0  0.9  0.9  0.8  0.7  0.6  0.4  0.3  0.0  0.0  0.0  0.0  0.0  0.0  0.0  0.0  0.0  0.0  0.0  0.0  0.0  0.0  0.0  0.0  0.0  0.0  0.0  0.0  0.0  0.0  0.0  0.0  0.0  0.0  0.0  0.0  0.0  0.0  0.0  0.0  0.0  0.0  0.0  0.0  0.0  0.0  0.0  0.0  0.0  0.0  0.0  0.0  0.0  0.0  0.0  0.0  0.0  0.0  0.0  0.0  0.0
 79 |  0.0  0.0  0.0  0.0  0.0  0.0  0.2  0.4  0.6  0.7  0.9  1.0  1.1  1.2  1.3  1.4  1.4  1.5  1.5  1.6  1.6  1.6  1.6  1.6  1.6  1.6  1.5  1.5  1.4  1.4  1.3  1.2  1.1  1.0  0.9  0.7  0.6  0.4  0.2  0.0  0.0  0.0  0.0  0.0  0.0  0.0  0.0  0.0  0.0  0.0  0.0  0.0  0.0  0.0  0.0  0.0  0.0  0.0  0.0  0.0  0.0  0.0  0.0  0.0  0.0  0.0  0.0  0.0  0.0  0.0  0.0  0.0  0.0  0.0  0.0  0.0  0.0  0.0  0.0  0.0  0.0  0.0  0.0  0.0  0.0  0.0  0.0  0.0  0.0  0.0
 77 |  0.0  0.0  0.0  0.0  0.0  0.2  0.5  0.7  0.9  1.0  1.2  1.3  1.4  1.5  1.6  1.7  1.8  1.8  1.9  1.9  2.0  2.0  2.0  2.0  2.0  1.9  1.9  1.8  1.8  1.7  1.6  1.5  1.4  1.3  1.2  1.0  0.9  0.7  0.5  0.2  0.0  0.0  0.0  0.0  0.0  0.0  0.0  0.0  0.0  0.0  0.0  0.0  0.0  0.0  0.0  0.0  0.0  0.0  0.0  0.0  0.0  0.0  0.0  0.0  0.0  0.0  0.0  0.0  0.0  0.0  0.0  0.0  0.0  0.0  0.0  0.0  0.0  0.0  0.0  0.0  0.0  0.0  0.0  0.0  0.0  0.0  0.0  0.0  0.0  0.0
 75 |  0.0  0.0  0.0  0.0  0.1  0.5  0.7  0.9  1.1  1.3  1.4  1.6  1.7  1.8  1.9  2.0  2.1  2.2  2.2  2.3  2.3  2.3  2.3  2.3  2.3  2.3  2.2  2.2  2.1  2.0  1.9  1.8  1.7  1.6  1.4  1.3  1.1  0.9  0.7  0.5  0.1  0.0  0.0  0.0  0.0  0.0  0.0  0.0  0.0  0.0  0.0  0.0  0.0  0.0  0.0  0.0  0.0  0.0  0.0  0.0  0.0  0.0  0.0  0.0  0.0  0.0  0.0  0.0  0.0  0.0  0.0  0.0  0.0  0.0  0.0  0.0  0.0  0.0  0.0  0.0  0.0  0.0  0.0  0.0  0.0  0.0  0.0  0.0  0.0  0.0
 73 |  0.0  0.0  0.0  0.0  0.4  0.7  0.9  1.1  1.3  1.5  1.7  1.8  2.0  2.1  2.2  2.3  2.4  2.4  2.6  2.6  2.6  2.6  2.7  2.6  2.6  2.6  2.6  2.4  2.4  2.3  2.2  2.1  2.0  1.8  1.7  1.5  1.3  1.1  0.9  0.7  0.4  0.0  0.0  0.0  0.0  0.0  0.0  0.0  0.0  0.0  0.0  0.0  0.0  0.0  0.0  0.0  0.0  0.0  0.0  0.0  0.0  0.0  0.0  0.0  0.0  0.0  0.0  0.0  0.0  0.0  0.0  0.0  0.0  0.0  0.0  0.0  0.0  0.0  0.0  0.0  0.0  0.0  0.0  0.0  0.0  0.0  0.0  0.0  0.0  0.0
 71 |  0.0  0.0  0.0  0.1  0.6  0.9  1.1  1.3  1.5  1.7  1.9  2.1  2.3  2.4  2.4  2.6  2.7  2.8  2.8  2.8  2.9  2.9  2.9  2.9  2.9  2.8  2.8  2.8  2.7  2.6  2.4  2.4  2.3  2.1  1.9  1.7  1.5  1.3  1.1  0.9  0.6  0.1  0.0  0.0  0.0  0.0  0.0  0.0  0.0  0.0  0.0  0.0  0.0  0.0  0.0  0.0  0.0  0.0  0.0  0.0  0.0  0.0  0.0  0.0  0.0  0.0  0.0  0.0  0.0  0.0  0.0  0.0  0.0  0.0  0.0  0.0  0.0  0.0  0.0  0.0  0.0  0.0  0.0  0.0  0.0  0.0  0.0  0.0  0.0  0.0
 69 |  0.0  0.0  0.0  0.3  0.7  1.0  1.3  1.5  1.8  2.0  2.2  2.3  2.4  2.6  2.7  2.8  2.9  3.1  3.1  3.2  3.2  3.2  3.2  3.2  3.2  3.2  3.1  3.1  2.9  2.8  2.7  2.6  2.4  2.3  2.2  2.0  1.8  1.5  1.3  1.0  0.7  0.3  0.0  0.0  0.0  0.0  0.0  0.0  0.0  0.0  0.0  0.0  0.0  0.0  0.0  0.0  0.0  0.0  0.0  0.0  0.0  0.0  0.0  0.0  0.0  0.0  0.0  0.0  0.0  0.0  0.0  0.0  0.0  0.0  0.0  0.0  0.0  0.0  0.0  0.0  0.0  0.0  0.0  0.0  0.0  0.0  0.0  0.0  0.0  0.0
 67 |  0.0  0.0  0.0  0.5  0.9  1.2  1.5  1.7  2.0  2.2  2.4  2.6  2.7  2.8  2.9  3.1  3.2  3.3  3.4  3.4  3.5  3.5  3.5  3.5  3.5  3.4  3.4  3.3  3.2  3.1  2.9  2.8  2.7  2.6  2.4  2.2  2.0  1.7  1.5  1.2  0.9  0.5  0.0  0.0  0.0  0.0  0.0  0.0  0.0  0.0  0.0  0.0  0.0  0.0  0.0  0.0  0.0  0.0  0.0  0.0  0.0  0.0  0.0  0.0  0.0  0.0  0.0  0.0  0.0  0.0  0.0  0.0  0.0  0.0  0.0  0.0  0.0  0.0  0.0  0.0  0.0  0.0  0.0  0.0  0.0  0.0  0.0  0.0  0.0  0.0
 65 |  0.0  0.0  0.1  0.6  1.0  1.3  1.6  1.9  2.1  2.4  2.6  2.8  2.9  3.1  3.3  3.4  3.5  3.5  3.6  3.8  3.8  3.8  3.8  3.8  3.8  3.8  3.6  3.5  3.5  3.4  3.3  3.1  2.9  2.8  2.6  2.4  2.1  1.9  1.6  1.3  1.0  0.6  0.1  0.0  0.0  0.0  0.0  0.0  0.0  0.0  0.0  0.0  0.0  0.0  0.0  0.0  0.0  0.0  0.0  0.0  0.0  0.0  0.0  0.0  0.0  0.0  0.0  0.0  0.0  0.0  0.0  0.0  0.0  0.0  0.0  0.0  0.0  0.0  0.0  0.0  0.0  0.0  0.0  0.0  0.0  0.0  0.0  0.0  0.0  0.0
 63 |  0.0  0.0  0.2  0.7  1.1  1.5  1.8  2.1  2.3  2.6  2.8  2.9  3.2  3.3  3.5  3.6  3.8  3.9  3.9  4.0  4.0  4.1  4.1  4.1  4.0  4.0  3.9  3.9  3.8  3.6  3.5  3.3  3.2  2.9  2.8  2.6  2.3  2.1  1.8  1.5  1.1  0.7  0.2  0.0  0.0  0.0  0.0  0.0  0.0  0.0  0.0  0.0  0.0  0.0  0.0  0.0  0.0  0.0  0.0  0.0  0.0  0.0  0.0  0.0  0.0  0.0  0.0  0.0  0.0  0.0  0.0  0.0  0.0  0.0  0.0  0.0  0.0  0.0  0.0  0.0  0.0  0.0  0.0  0.0  0.0  0.0  0.0  0.0  0.0  0.0
 61 |  0.0  0.0  0.4  0.9  1.3  1.6  1.9  2.3  2.4  2.7  2.9  3.2  3.4  3.5  3.8  3.9  4.0  4.1  4.2  4.2  4.3  4.3  4.3  4.3  4.3  4.2  4.2  4.1  4.0  3.9  3.8  3.5  3.4  3.2  2.9  2.7  2.4  2.3  1.9  1.6  1.3  0.9  0.4  0.0  0.0  0.0  0.0  0.0  0.0  0.0  0.0  0.0  0.0  0.0  0.0  0.0  0.0  0.0  0.0  0.0  0.0  0.0  0.0  0.0  0.0  0.0  0.0  0.0  0.0  0.0  0.0  0.0  0.0  0.0  0.0  0.0  0.0  0.0  0.0  0.0  0.0  0.0  0.0  0.0  0.0  0.0  0.0  0.0  0.0  0.0
 59 |  0.0  0.0  0.5  1.0  1.4  1.7  2.1  2.4  2.7  2.9  3.2  3.4  3.5  3.8  4.0  4.1  4.2  4.3  4.4  4.5  4.5  4.5  4.6  4.5  4.5  4.5  4.4  4.3  4.2  4.1  4.0  3.8  3.5  3.4  3.2  2.9  2.7  2.4  2.1  1.7  1.4  1.0  0.5  0.0  0.0  0.0  0.0  0.0  0.0  0.0  0.0  0.0  0.0  0.0  0.0  0.0  0.0  0.0  0.0  0.0  0.0  0.0  0.0  0.0  0.0  0.0  0.0  0.0  0.0  0.0  0.0  0.0  0.0  0.0  0.0  0.0  0.0  0.0  0.0  0.0  0.0  0.0  0.0  0.0  0.0  0.0  0.0  0.0  0.0  0.0
 57 |  0.0  0.0  0.6  1.1  1.5  1.9  2.2  2.6  2.8  3.1  3.3  3.5  3.8  4.0  4.2  4.3  4.4  4.5  4.6  4.7  4.8  4.8  4.8  4.8  4.8  4.7  4.6  4.5  4.4  4.3  4.2  4.0  3.8  3.5  3.3  3.1  2.8  2.6  2.2  1.9  1.5  1.1  0.6  0.0  0.0  0.0  0.0  0.0  0.0  0.0  0.0  0.0  0.0  0.0  0.0  0.0  0.0  0.0  0.0  0.0  0.0  0.0  0.0  0.0  0.0  0.0  0.0  0.0  0.0  0.0  0.0  0.0  0.0  0.0  0.0  0.0  0.0  0.0  0.0  0.0  0.0  0.0  0.0  0.0  0.0  0.0  0.0  0.0  0.0  0.0
 55 |  0.0  0.0  0.7  1.2  1.6  2.0  2.3  2.7  2.9  3.3  3.5  3.8  4.0  4.2  4.4  4.5  4.6  4.8  4.9  4.9  5.0  5.0  5.0  5.0  5.0  4.9  4.9  4.8  4.6  4.5  4.4  4.2  4.0  3.8  3.5  3.3  2.9  2.7  2.3  2.0  1.6  1.2  0.7  0.0  0.0  0.0  0.0  0.0  0.0  0.0  0.0  0.0  0.0  0.0  0.0  0.0  0.0  0.0  0.0  0.0  0.0  0.0  0.0  0.0  0.0  0.0  0.0  0.0  0.0  0.0  0.0  0.0  0.0  0.0  0.0  0.0  0.0  0.0  0.0  0.0  0.0  0.0  0.0  0.0  0.0  0.0  0.0  0.0  0.0  0.0
 53 |  0.0  0.0  0.8  1.3  1.7  2.1  2.4  2.8  3.2  3.4  3.6  4.0  4.2  4.4  4.6  4.7  4.9  5.0  5.1  5.2  5.2  5.2  5.2  5.2  5.2  5.2  5.1  5.0  4.9  4.7  4.6  4.4  4.2  4.0  3.6  3.4  3.2  2.8  2.4  2.1  1.7  1.3  0.8  0.0  0.0  0.0  0.0  0.0  0.0  0.0  0.0  0.0  0.0  0.0  0.0  0.0  0.0  0.0  0.0  0.0  0.0  0.0  0.0  0.0  0.0  0.0  0.0  0.0  0.0  0.0  0.0  0.0  0.0  0.0  0.0  0.0  0.0  0.0  0.0  0.0  0.0  0.0  0.0  0.0  0.0  0.0  0.0  0.0  0.0  0.0
 51 |  0.0  0.1  0.9  1.4  1.8  2.3  2.6  2.9  3.3  3.5  3.9  4.1  4.3  4.6  4.7  4.9  5.1  5.2  5.2  5.3  5.3  5.4  5.4  5.4  5.3  5.3  5.2  5.2  5.1  4.9  4.7  4.6  4.3  4.1  3.9  3.5  3.3  2.9  2.6  2.3  1.8  1.4  0.9  0.1  0.0  0.0  0.0  0.0  0.0  0.0  0.0  0.0  0.0  0.0  0.0  0.0  0.0  0.0  0.0  0.0  0.0  0.0  0.0  0.0  0.0  0.0  0.0  0.0  0.0  0.0  0.0  0.0  0.0  0.0  0.0  0.0  0.0  0.0  0.0  0.0  0.0  0.0  0.0  0.0  0.0  0.0  0.0  0.0  0.0  0.0
 49 |  0.0  0.2  0.9  1.5  1.9  2.3  2.7  3.1  3.4  3.8  4.0  4.3  4.5  4.7  4.9  5.1  5.2  5.3  5.4  5.5  5.6  5.6  5.6  5.6  5.6  5.5  5.4  5.3  5.2  5.1  4.9  4.7  4.5  4.3  4.0  3.8  3.4  3.1  2.7  2.3  1.9  1.5  0.9  0.2  0.0  0.0  0.0  0.0  0.0  0.0  0.0  0.0  0.0  0.0  0.0  0.0  0.0  0.0  0.0  0.0  0.0  0.0  0.0  0.0  0.0  0.0  0.0  0.0  0.0  0.0  0.0  0.0  0.0  0.0  0.0  0.0  0.0  0.0  0.0  0.0  0.0  0.0  0.0  0.0  0.0  0.0  0.0  0.0  0.0  0.0
 47 |  0.0  0.3  1.0  1.5  2.0  2.4  2.8  3.2  3.5  3.9  4.2  4.4  4.7  4.9  5.1  5.2  5.4  5.5  5.6  5.7  5.8  5.8  5.8  5.8  5.8  5.7  5.6  5.5  5.4  5.2  5.1  4.9  4.7  4.4  4.2  3.9  3.5  3.2  2.8  2.4  2.0  1.5  1.0  0.3  0.0  0.0  0.0  0.0  0.0  0.0  0.0  0.0  0.0  0.0  0.0  0.0  0.0  0.0  0.0  0.0  0.0  0.0  0.0  0.0  0.0  0.0  0.0  0.0  0.0  0.0  0.0  0.0  0.0  0.0  0.0  0.0  0.0  0.0  0.0  0.0  0.0  0.0  0.0  0.0  0.0  0.0  0.0  0.0  0.0  0.0
 45 |  0.0  0.4  1.1  1.6  2.1  2.6  2.9  3.3  3.6  4.0  4.3  4.6  4.8  5.1  5.2  5.4  5.6  5.7  5.8  5.9  6.0  6.0  6.0  6.0  6.0  5.9  5.8  5.7  5.6  5.4  5.2  5.1  4.8  4.6  4.3  4.0  3.6  3.3  2.9  2.6  2.1  1.6  1.1  0.4  0.0  0.0  0.0  0.0  0.0  0.0  0.0  0.0  0.0  0.0  0.0  0.0  0.0  0.0  0.0  0.0  0.0  0.0  0.0  0.0  0.0  0.0  0.0  0.0  0.0  0.0  0.0  0.0  0.0  0.0  0.0  0.0  0.0  0.0  0.0  0.0  0.0  0.0  0.0  0.0  0.0  0.0  0.0  0.0  0.0  0.0
 43 |  0.0  0.5  1.2  1.7  2.2  2.7  3.1  3.4  3.9  4.2  4.5  4.7  5.0  5.2  5.4  5.6  5.8  5.9  6.0  6.0  6.1  6.2  6.2  6.2  6.1  6.0  6.0  5.9  5.8  5.6  5.4  5.2  5.0  4.7  4.5  4.2  3.9  3.4  3.1  2.7  2.2  1.7  1.2  0.5  0.0  0.0  0.0  0.0  0.0  0.0  0.0  0.0  0.0  0.0  0.0  0.0  0.0  0.0  0.0  0.0  0.0  0.0  0.0  0.0  0.0  0.0  0.0  0.0  0.0  0.0  0.0  0.0  0.0  0.0  0.0  0.0  0.0  0.0  0.0  0.0  0.0  0.0  0.0  0.0  0.0  0.0  0.0  0.0  0.0  0.0
 41 |  0.0  0.6  1.2  1.8  2.3  2.8  3.2  3.5  4.0  4.3  4.6  4.9  5.2  5.3  5.6  5.8  5.9  6.0  6.1  6.2  6.3  6.4  6.4  6.4  6.3  6.2  6.1  6.0  5.9  5.8  5.6  5.3  5.2  4.9  4.6  4.3  4.0  3.5  3.2  2.8  2.3  1.8  1.2  0.6  0.0  0.0  0.0  0.0  0.0  0.0  0.0  0.0  0.0  0.0  0.0  0.0  0.0  0.0  0.0  0.0  0.0  0.0  0.0  0.0  0.0  0.0  0.0  0.0  0.0  0.0  0.0  0.0  0.0  0.0  0.0  0.0  0.0  0.0  0.0  0.0  0.0  0.0  0.0  0.0  0.0  0.0  0.0  0.0  0.0  0.0
 39 |  0.0  0.6  1.3  1.9  2.4  2.8  3.3  3.6  4.1  4.4  4.7  5.0  5.2  5.5  5.7  5.9  6.0  6.2  6.3  6.4  6.5  6.5  6.5  6.5  6.5  6.4  6.3  6.2  6.0  5.9  5.7  5.5  5.2  5.0  4.7  4.4  4.1  3.6  3.3  2.8  2.4  1.9  1.3  0.6  0.0  0.0  0.0  0.0  0.0  0.0  0.0  0.0  0.0  0.0  0.0  0.0  0.0  0.0  0.0  0.0  0.0  0.0  0.0  0.0  0.0  0.0  0.0  0.0  0.0  0.0  0.0  0.0  0.0  0.0  0.0  0.0  0.0  0.0  0.0  0.0  0.0  0.0  0.0  0.0  0.0  0.0  0.0  0.0  0.0  0.0
 37 |  0.0  0.7  1.4  1.9  2.4  2.9  3.4  3.8  4.2  4.5  4.9  5.2  5.4  5.6  5.9  6.0  6.2  6.4  6.5  6.5  6.6  6.6  6.7  6.6  6.6  6.5  6.5  6.4  6.2  6.0  5.9  5.6  5.4  5.2  4.9  4.5  4.2  3.8  3.4  2.9  2.4  1.9  1.4  0.7  0.0  0.0  0.0  0.0  0.0  0.0  0.0  0.0  0.0  0.0  0.0  0.0  0.0  0.0  0.0  0.0  0.0  0.0  0.0  0.0  0.0  0.0  0.0  0.0  0.0  0.0  0.0  0.0  0.0  0.0  0.0  0.0  0.0  0.0  0.0  0.0  0.0  0.0  0.0  0.0  0.0  0.0  0.0  0.0  0.0  0.0
 35 |  0.0  0.7  1.4  2.0  2.6  3.1  3.4  3.9  4.3  4.6  5.0  5.2  5.5  5.8  6.0  6.2  6.4  6.5  6.6  6.7  6.8  6.8  6.9  6.8  6.8  6.7  6.6  6.5  6.4  6.2  6.0  5.8  5.5  5.2  5.0  4.6  4.3  3.9  3.4  3.1  2.6  2.0  1.4  0.7  0.0  0.0  0.0  0.0  0.0  0.0  0.0  0.0  0.0  0.0  0.0  0.0  0.0  0.0  0.0  0.0  0.0  0.0  0.0  0.0  0.0  0.0  0.0  0.0  0.0  0.0  0.0  0.0  0.0  0.0  0.0  0.0  0.0  0.0  0.0  0.0  0.0  0.0  0.0  0.0  0.0  0.0  0.0  0.0  0.0  0.0
 33 |  0.0  0.8  1.5  2.1  2.6  3.1  3.5  4.0  4.4  4.8  5.1  5.3  5.6  5.9  6.1  6.3  6.5  6.6  6.8  6.9  7.0  7.0  7.0  7.0  7.0  6.9  6.8  6.6  6.5  6.3  6.1  5.9  5.6  5.3  5.1  4.8  4.4  4.0  3.5  3.1  2.6  2.1  1.5  0.8  0.0  0.0  0.0  0.0  0.0  0.0  0.0  0.0  0.0  0.0  0.0  0.0  0.0  0.0  0.0  0.0  0.0  0.0  0.0  0.0  0.0  0.0  0.0  0.0  0.0  0.0  0.0  0.0  0.0  0.0  0.0  0.0  0.0  0.0  0.0  0.0  0.0  0.0  0.0  0.0  0.0  0.0  0.0  0.0  0.0  0.0
 31 |  0.0  0.9  1.6  2.2  2.7  3.2  3.6  4.1  4.5  4.9  5.2  5.5  5.8  6.0  6.2  6.5  6.6  6.8  6.9  7.0  7.0  7.1  7.1  7.1  7.0  7.0  6.9  6.8  6.6  6.5  6.2  6.0  5.8  5.5  5.2  4.9  4.5  4.1  3.6  3.2  2.7  2.2  1.6  0.9  0.0  0.0  0.0  0.0  0.0  0.0  0.0  0.0  0.0  0.0  0.0  0.0  0.0  0.0  0.0  0.0  0.0  0.0  0.0  0.0  0.0  0.0  0.0  0.0  0.0  0.0  0.0  0.0  0.0  0.0  0.0  0.0  0.0  0.0  0.0  0.0  0.0  0.0  0.0  0.0  0.0  0.0  0.0  0.0  0.0  0.0
 29 |  0.0  0.9  1.6  2.3  2.8  3.3  3.8  4.2  4.6  5.0  5.2  5.6  5.9  6.1  6.4  6.5  6.7  6.9  7.0  7.1  7.2  7.2  7.3  7.2  7.2  7.1  7.0  6.9  6.7  6.5  6.4  6.1  5.9  5.6  5.2  5.0  4.6  4.2  3.8  3.3  2.8  2.3  1.6  0.9  0.0  0.0  0.0  0.0  0.0  0.0  0.0  0.0  0.0  0.0  0.0  0.0  0.0  0.0  0.0  0.0  0.0  0.0  0.0  0.0  0.0  0.0  0.0  0.0  0.0  0.0  0.0  0.0  0.0  0.0  0.0  0.0  0.0  0.0  0.0  0.0  0.0  0.0  0.0  0.0  0.0  0.0  0.0  0.0  0.0  0.0
 27 |  0.0  1.0  1.7  2.3  2.8  3.3  3.9  4.3  4.7  5.1  5.3  5.7  6.0  6.2  6.5  6.7  6.9  7.0  7.1  7.3  7.3  7.3  7.3  7.3  7.3  7.3  7.1  7.0  6.9  6.7  6.5  6.2  6.0  5.7  5.3  5.1  4.7  4.3  3.9  3.3  2.8  2.3  1.7  1.0  0.0  0.0  0.0  0.0  0.0  0.0  0.0  0.0  0.0  0.0  0.0  0.0  0.0  0.0  0.0  0.0  0.0  0.0  0.0  0.0  0.0  0.0  0.0  0.0  0.0  0.0  0.0  0.0  0.0  0.0  0.0  0.0  0.0  0.0  0.0  0.0  0.0  0.0  0.0  0.0  0.0  0.0  0.0  0.0  0.0  0.0
 25 |  0.0  1.0  1.7  2.3  2.9  3.4  3.9  4.3  4.8  5.1  5.4  5.8  6.0  6.3  6.5  6.8  7.0  7.1  7.3  7.3  7.4  7.5  7.5  7.5  7.4  7.3  7.3  7.1  7.0  6.8  6.5  6.3  6.0  5.8  5.4  5.1  4.8  4.3  3.9  3.4  2.9  2.3  1.7  1.0  0.0  0.0  0.0  0.0  0.0  0.0  0.0  0.0  0.0  0.0  0.0  0.0  0.0  0.0  0.0  0.0  0.0  0.0  0.0  0.0  0.0  0.0  0.0  0.0  0.0  0.0  0.0  0.0  0.0  0.0  0.0  0.0  0.0  0.0  0.0  0.0  0.0  0.0  0.0  0.0  0.0  0.0  0.0  0.0  0.0  0.0
 23 |  0.1  1.1  1.8  2.4  2.9  3.4  4.0  4.4  4.8  5.2  5.5  5.9  6.1  6.5  6.7  6.9  7.0  7.2  7.3  7.4  7.5  7.6  7.6  7.6  7.5  7.4  7.3  7.2  7.0  6.9  6.7  6.5  6.1  5.9  5.5  5.2  4.8  4.4  4.0  3.4  2.9  2.4  1.8  1.1  0.1  0.0  0.0  0.0  0.0  0.0  0.0  0.0  0.0  0.0  0.0  0.0  0.0  0.0  0.0  0.0  0.0  0.0  0.0  0.0  0.0  0.0  0.0  0.0  0.0  0.0  0.0  0.0  0.0  0.0  0.0  0.0  0.0  0.0  0.0  0.0  0.0  0.0  0.0  0.0  0.0  0.0  0.0  0.0  0.0  0.0
 21 |  0.1  1.1  1.8  2.4  3.1  3.5  4.0  4.5  4.9  5.2  5.6  6.0  6.2  6.5  6.8  7.0  7.2  7.3  7.4  7.6  7.7  7.7  7.7  7.7  7.7  7.6  7.4  7.3  7.2  7.0  6.8  6.5  6.2  6.0  5.6  5.2  4.9  4.5  4.0  3.5  3.1  2.4  1.8  1.1  0.1  0.0  0.0  0.0  0.0  0.0  0.0  0.0  0.0  0.0  0.0  0.0  0.0  0.0  0.0  0.0  0.0  0.0  0.0  0.0  0.0  0.0  0.0  0.0  0.0  0.0  0.0  0.0  0.0  0.0  0.0  0.0  0.0  0.0  0.0  0.0  0.0  0.0  0.0  0.0  0.0  0.0  0.0  0.0  0.0  0.0
 19 |  0.2  1.2  1.9  2.6  3.1  3.6  4.1  4.5  5.0  5.3  5.7  6.0  6.3  6.6  6.9  7.0  7.3  7.4  7.6  7.7  7.7  7.7  7.8  7.7  7.7  7.7  7.6  7.4  7.3  7.0  6.9  6.6  6.3  6.0  5.7  5.3  5.0  4.5  4.1  3.6  3.1  2.6  1.9  1.2  0.2  0.0  0.0  0.0  0.0  0.0  0.0  0.0  0.0  0.0  0.0  0.0  0.0  0.0  0.0  0.0  0.0  0.0  0.0  0.0  0.0  0.0  0.0  0.0  0.0  0.0  0.0  0.0  0.0  0.0  0.0  0.0  0.0  0.0  0.0  0.0  0.0  0.0  0.0  0.0  0.0  0.0  0.0  0.0  0.0  0.0
 17 |  0.3  1.2  1.9  2.6  3.1  3.6  4.2  4.6  5.0  5.4  5.8  6.1  6.4  6.7  7.0  7.1  7.3  7.5  7.7  7.7  7.8  7.9  7.9  7.9  7.8  7.7  7.7  7.5  7.3  7.1  7.0  6.7  6.4  6.1  5.8  5.4  5.0  4.6  4.2  3.6  3.1  2.6  1.9  1.2  0.3  0.0  0.0  0.0  0.0  0.0  0.0  0.0  0.0  0.0  0.0  0.0  0.0  0.0  0.0  0.0  0.0  0.0  0.0  0.0  0.0  0.0  0.0  0.0  0.0  0.0  0.0  0.0  0.0  0.0  0.0  0.0  0.0  0.0  0.0  0.0  0.0  0.0  0.0  0.0  0.0  0.0  0.0  0.0  0.0  0.0
 15 |  0.3  1.2  2.0  2.6  3.2  3.8  4.2  4.7  5.1  5.4  5.9  6.1  6.5  6.7  7.0  7.2  7.4  7.6  7.7  7.8  7.9  8.0  8.0  8.0  7.9  7.8  7.7  7.6  7.4  7.2  7.0  6.7  6.5  6.1  5.9  5.4  5.1  4.7  4.2  3.8  3.2  2.6  2.0  1.2  0.3  0.0  0.0  0.0  0.0  0.0  0.0  0.0  0.0  0.0  0.0  0.0  0.0  0.0  0.0  0.0  0.0  0.0  0.0  0.0  0.0  0.0  0.0  0.0  0.0  0.0  0.0  0.0  0.0  0.0  0.0  0.0  0.0  0.0  0.0  0.0  0.0  0.0  0.0  0.0  0.0  0.0  0.0  0.0  0.0  0.0
 13 |  0.4  1.3  2.0  2.7  3.2  3.8  4.3  4.7  5.2  5.5  5.9  6.2  6.5  6.8  7.0  7.3  7.5  7.7  7.8  7.9  8.0  8.0  8.0  8.0  8.0  7.9  7.8  7.7  7.5  7.3  7.0  6.8  6.5  6.2  5.9  5.5  5.2  4.7  4.3  3.8  3.2  2.7  2.0  1.3  0.4  0.0  0.0  0.0  0.0  0.0  0.0  0.0  0.0  0.0  0.0  0.0  0.0  0.0  0.0  0.0  0.0  0.0  0.0  0.0  0.0  0.0  0.0  0.0  0.0  0.0  0.0  0.0  0.0  0.0  0.0  0.0  0.0  0.0  0.0  0.0  0.0  0.0  0.0  0.0  0.0  0.0  0.0  0.0  0.0  0.0
 11 |  0.4  1.3  2.1  2.7  3.3  3.8  4.3  4.8  5.2  5.6  6.0  6.3  6.5  6.9  7.1  7.3  7.5  7.7  7.8  8.0  8.0  8.0  8.1  8.0  8.0  8.0  7.8  7.7  7.5  7.3  7.1  6.9  6.5  6.3  6.0  5.6  5.2  4.8  4.3  3.8  3.3  2.7  2.1  1.3  0.4  0.0  0.0  0.0  0.0  0.0  0.0  0.0  0.0  0.0  0.0  0.0  0.0  0.0  0.0  0.0  0.0  0.0  0.0  0.0  0.0  0.0  0.0  0.0  0.0  0.0  0.0  0.0  0.0  0.0  0.0  0.0  0.0  0.0  0.0  0.0  0.0  0.0  0.0  0.0  0.0  0.0  0.0  0.0  0.0  0.0
  9 |  0.5  1.4  2.1  2.7  3.3  3.9  4.3  4.8  5.2  5.6  6.0  6.3  6.6  7.0  7.2  7.4  7.6  7.7  7.9  8.0  8.0  8.1  8.1  8.1  8.0  8.0  7.9  7.7  7.6  7.4  7.2  7.0  6.6  6.3  6.0  5.6  5.2  4.8  4.3  3.9  3.3  2.7  2.1  1.4  0.5  0.0  0.0  0.0  0.0  0.0  0.0  0.0  0.0  0.0  0.0  0.0  0.0  0.0  0.0  0.0  0.0  0.0  0.0  0.0  0.0  0.0  0.0  0.0  0.0  0.0  0.0  0.0  0.0  0.0  0.0  0.0  0.0  0.0  0.0  0.0  0.0  0.0  0.0  0.0  0.0  0.0  0.0  0.0  0.0  0.0
  7 |  0.5  1.4  2.1  2.7  3.3  3.9  4.4  4.9  5.2  5.7  6.0  6.4  6.7  7.0  7.2  7.4  7.7  7.8  8.0  8.0  8.1  8.2  8.2  8.2  8.1  8.0  8.0  7.8  7.7  7.4  7.2  7.0  6.7  6.4  6.0  5.7  5.2  4.9  4.4  3.9  3.3  2.7  2.1  1.4  0.5  0.0  0.0  0.0  0.0  0.0  0.0  0.0  0.0  0.0  0.0  0.0  0.0  0.0  0.0  0.0  0.0  0.0  0.0  0.0  0.0  0.0  0.0  0.0  0.0  0.0  0.0  0.0  0.0  0.0  0.0  0.0  0.0  0.0  0.0  0.0  0.0  0.0  0.0  0.0  0.0  0.0  0.0  0.0  0.0  0.0
  5 |  0.6  1.4  2.2  2.8  3.4  3.9  4.4  4.9  5.2  5.7  6.0  6.4  6.7  7.0  7.3  7.5  7.7  7.8  8.0  8.1  8.2  8.2  8.2  8.2  8.2  8.1  8.0  7.8  7.7  7.5  7.3  7.0  6.7  6.4  6.0  5.7  5.2  4.9  4.4  3.9  3.4  2.8  2.2  1.4  0.6  0.0  0.0  0.0  0.0  0.0  0.0  0.0  0.0  0.0  0.0  0.0  0.0  0.0  0.0  0.0  0.0  0.0  0.0  0.0  0.0  0.0  0.0  0.0  0.0  0.0  0.0  0.0  0.0  0.0  0.0  0.0  0.0  0.0  0.0  0.0  0.0  0.0  0.0  0.0  0.0  0.0  0.0  0.0  0.0  0.0
  3 |  0.6  1.5  2.2  2.8  3.4  4.0  4.4  4.9  5.3  5.7  6.1  6.5  6.7  7.0  7.3  7.5  7.7  7.9  8.0  8.1  8.2  8.3  8.3  8.3  8.2  8.1  8.0  7.9  7.7  7.5  7.3  7.0  6.7  6.5  6.1  5.7  5.3  4.9  4.4  4.0  3.4  2.8  2.2  1.5  0.6  0.0  0.0  0.0  0.0  0.0  0.0  0.0  0.0  0.0  0.0  0.0  0.0  0.0  0.0  0.0  0.0  0.0  0.0  0.0  0.0  0.0  0.0  0.0  0.0  0.0  0.0  0.0  0.0  0.0  0.0  0.0  0.0  0.0  0.0  0.0  0.0  0.0  0.0  0.0  0.0  0.0  0.0  0.0  0.0  0.0
  1 |  0.7  1.5  2.2  2.8  3.4  4.0  4.5  4.9  5.3  5.8  6.1  6.5  6.8  7.0  7.3  7.5  7.7  7.9  8.0  8.1  8.2  8.3  8.3  8.3  8.2  8.1  8.0  7.9  7.7  7.5  7.3  7.0  6.8  6.5  6.1  5.8  5.3  4.9  4.5  4.0  3.4  2.8  2.2  1.5  0.7  0.0  0.0  0.0  0.0  0.0  0.0  0.0  0.0  0.0  0.0  0.0  0.0  0.0  0.0  0.0  0.0  0.0  0.0  0.0  0.0  0.0  0.0  0.0  0.0  0.0  0.0  0.0  0.0  0.0  0.0  0.0  0.0  0.0  0.0  0.0  0.0  0.0  0.0  0.0  0.0  0.0  0.0  0.0  0.0  0.0
 -1 |  0.7  1.5  2.3  2.8  3.4  4.0  4.5  5.0  5.3  5.8  6.1  6.5  6.8  7.1  7.3  7.6  7.7  7.9  8.0  8.2  8.3  8.3  8.3  8.3  8.3  8.2  8.0  7.9  7.7  7.6  7.3  7.1  6.8  6.5  6.1  5.8  5.3  5.0  4.5  4.0  3.4  2.8  2.3  1.5  0.7  0.0  0.0  0.0  0.0  0.0  0.0  0.0  0.0  0.0  0.0  0.0  0.0  0.0  0.0  0.0  0.0  0.0  0.0  0.0  0.0  0.0  0.0  0.0  0.0  0.0  0.0  0.0  0.0  0.0  0.0  0.0  0.0  0.0  0.0  0.0  0.0  0.0  0.0  0.0  0.0  0.0  0.0  0.0  0.0  0.0
 -3 |  0.7  1.6  2.3  2.9  3.4  4.0  4.5  5.0  5.3  5.8  6.1  6.5  6.8  7.1  7.3  7.6  7.7  8.0  8.0  8.2  8.3  8.3  8.3  8.3  8.3  8.2  8.0  8.0  7.7  7.6  7.3  7.1  6.8  6.5  6.1  5.8  5.3  5.0  4.5  4.0  3.4  2.9  2.3  1.6  0.7  0.0  0.0  0.0  0.0  0.0  0.0  0.0  0.0  0.0  0.0  0.0  0.0  0.0  0.0  0.0  0.0  0.0  0.0  0.0  0.0  0.0  0.0  0.0  0.0  0.0  0.0  0.0  0.0  0.0  0.0  0.0  0.0  0.0  0.0  0.0  0.0  0.0  0.0  0.0  0.0  0.0  0.0  0.0  0.0  0.0
 -5 |  0.8  1.6  2.3  2.9  3.5  4.0  4.5  5.0  5.4  5.8  6.1  6.5  6.8  7.1  7.3  7.6  7.7  8.0  8.0  8.2  8.3  8.3  8.3  8.3  8.3  8.2  8.0  8.0  7.7  7.6  7.3  7.1  6.8  6.5  6.1  5.8  5.4  5.0  4.5  4.0  3.5  2.9  2.3  1.6  0.8  0.0  0.0  0.0  0.0  0.0  0.0  0.0  0.0  0.0  0.0  0.0  0.0  0.0  0.0  0.0  0.0  0.0  0.0  0.0  0.0  0.0  0.0  0.0  0.0  0.0  0.0  0.0  0.0  0.0  0.0  0.0  0.0  0.0  0.0  0.0  0.0  0.0  0.0  0.0  0.0  0.0  0.0  0.0  0.0  0.0
 -7 |  0.8  1.6  2.3  2.9  3.5  4.0  4.5  5.0  5.4  5.8  6.1  6.5  6.8  7.1  7.3  7.6  7.7  8.0  8.0  8.2  8.3  8.3  8.3  8.3  8.3  8.2  8.0  8.0  7.7  7.6  7.3  7.1  6.8  6.5  6.1  5.8  5.4  5.0  4.5  4.0  3.5  2.9  2.3  1.6  0.8  0.0  0.0  0.0  0.0  0.0  0.0  0.0  0.0  0.0  0.0  0.0  0.0  0.0  0.0  0.0  0.0  0.0  0.0  0.0  0.0  0.0  0.0  0.0  0.0  0.0  0.0  0.0  0.0  0.0  0.0  0.0  0.0  0.0  0.0  0.0  0.0  0.0  0.0  0.0  0.0  0.0  0.0  0.0  0.0  0.0
 -9 |  0.8  1.6  2.3  2.9  3.5  4.1  4.5  5.0  5.4  5.8  6.1  6.5  6.8  7.1  7.3  7.6  7.7  7.9  8.0  8.2  8.3  8.3  8.3  8.3  8.3  8.2  8.0  7.9  7.7  7.6  7.3  7.1  6.8  6.5  6.1  5.8  5.4  5.0  4.5  4.1  3.5  2.9  2.3  1.6  0.8  0.0  0.0  0.0  0.0  0.0  0.0  0.0  0.0  0.0  0.0  0.0  0.0  0.0  0.0  0.0  0.0  0.0  0.0  0.0  0.0  0.0  0.0  0.0  0.0  0.0  0.0  0.0  0.0  0.0  0.0  0.0  0.0  0.0  0.0  0.0  0.0  0.0  0.0  0.0  0.0  0.0  0.0  0.0  0.0  0.0
-11 |  0.9  1.7  2.3  2.9  3.5  4.1  4.5  5.0  5.4  5.8  6.1  6.5  6.8  7.0  7.3  7.5  7.7  7.9  8.0  8.1  8.2  8.3  8.3  8.3  8.2  8.1  8.0  7.9  7.7  7.5  7.3  7.0  6.8  6.5  6.1  5.8  5.4  5.0  4.5  4.1  3.5  2.9  2.3  1.7  0.9  0.0  0.0  0.0  0.0  0.0  0.0  0.0  0.0  0.0  0.0  0.0  0.0  0.0  0.0  0.0  0.0  0.0  0.0  0.0  0.0  0.0  0.0  0.0  0.0  0.0  0.0  0.0  0.0  0.0  0.0  0.0  0.0  0.0  0.0  0.0  0.0  0.0  0.0  0.0  0.0  0.0  0.0  0.0  0.0  0.0
-13 |  0.9  1.7  2.3  2.9  3.5  4.1  4.5  5.0  5.3  5.8  6.1  6.5  6.8  7.0  7.3  7.5  7.7  7.9  8.0  8.1  8.2  8.3  8.3  8.3  8.2  8.1  8.0  7.9  7.7  7.5  7.3  7.0  6.8  6.5  6.1  5.8  5.3  5.0  4.5  4.1  3.5  2.9  2.3  1.7  0.9  0.0  0.0  0.0  0.0  0.0  0.0  0.0  0.0  0.0  0.0  0.0  0.0  0.0  0.0  0.0  0.0  0.0  0.0  0.0  0.0  0.0  0.0  0.0  0.0  0.0  0.0  0.0  0.0  0.0  0.0  0.0  0.0  0.0  0.0  0.0  0.0  0.0  0.0  0.0  0.0  0.0  0.0  0.0  0.0  0.0
-15 |  0.9  1.7  2.4  2.9  3.5  4.1  4.5  5.0  5.3  5.8  6.1  6.5  6.7  7.0  7.3  7.5  7.7  7.8  8.0  8.0  8.1  8.2  8.2  8.2  8.1  8.0  8.0  7.8  7.7  7.5  7.3  7.0  6.7  6.5  6.1  5.8  5.3  5.0  4.5  4.1  3.5  2.9  2.4  1.7  0.9  0.0  0.0  0.0  0.0  0.0  0.0  0.0  0.0  0.0  0.0  0.0  0.0  0.0  0.0  0.0  0.0  0.0  0.0  0.0  0.0  0.0  0.0  0.0  0.0  0.0  0.0  0.0  0.0  0.0  0.0  0.0  0.0  0.0  0.0  0.0  0.0  0.0  0.0  0.0  0.0  0.0  0.0  0.0  0.0  0.0
-17 |  1.0  1.7  2.4  2.9  3.5  4.0  4.5  5.0  5.3  5.7  6.0  6.4  6.7  7.0  7.2  7.4  7.7  7.8  8.0  8.0  8.1  8.1  8.2  8.1  8.1  8.0  8.0  7.8  7.7  7.4  7.2  7.0  6.7  6.4  6.0  5.7  5.3  5.0  4.5  4.0  3.5  2.9  2.4  1.7  1.0  0.0  0.0  0.0  0.0  0.0  0.0  0.0  0.0  0.0  0.0  0.0  0.0  0.0  0.0  0.0  0.0  0.0  0.0  0.0  0.0  0.0  0.0  0.0  0.0  0.0  0.0  0.0  0.0  0.0  0.0  0.0  0.0  0.0  0.0  0.0  0.0  0.0  0.0  0.0  0.0  0.0  0.0  0.0  0.0  0.0
-19 |  1.0  1.7  2.4  2.9  3.5  4.0  4.5  4.9  5.3  5.7  6.0  6.4  6.7  7.0  7.2  7.4  7.6  7.7  7.9  8.0  8.0  8.1  8.1  8.1  8.0  8.0  7.9  7.7  7.6  7.4  7.2  7.0  6.7  6.4  6.0  5.7  5.3  4.9  4.5  4.0  3.5  2.9  2.4  1.7  1.0  0.0  0.0  0.0  0.0  0.0  0.0  0.0  0.0  0.0  0.0  0.0  0.0  0.0  0.0  0.0  0.0  0.0  0.0  0.0  0.0  0.0  0.0  0.0  0.0  0.0  0.0  0.0  0.0  0.0  0.0  0.0  0.0  0.0  0.0  0.0  0.0  0.0  0.0  0.0  0.0  0.0  0.0  0.0  0.0  0.0
-21 |  1.0  1.7  2.4  2.9  3.5  4.0  4.5  4.9  5.2  5.7  6.0  6.3  6.6  6.9  7.1  7.3  7.5  7.7  7.8  7.9  8.0  8.0  8.0  8.0  8.0  7.9  7.8  7.7  7.5  7.3  7.1  6.9  6.6  6.3  6.0  5.7  5.2  4.9  4.5  4.0  3.5  2.9  2.4  1.7  1.0  0.0  0.0  0.0  0.0  0.0  0.0  0.0  0.0  0.0  0.0  0.0  0.0  0.0  0.0  0.0  0.0  0.0  0.0  0.0  0.0  0.0  0.0  0.0  0.0  0.0  0.0  0.0  0.0  0.0  0.0  0.0  0.0  0.0  0.0  0.0  0.0  0.0  0.0  0.0  0.0  0.0  0.0  0.0  0.0  0.0
-23 |  1.0  1.8  2.4  2.9  3.5  4.0  4.4  4.9  5.2  5.6  6.0  6.3  6.5  6.9  7.1  7.3  7.5  7.7  7.7  7.9  8.0  8.0  8.0  8.0  8.0  7.9  7.7  7.7  7.5  7.3  7.1  6.9  6.5  6.3  6.0  5.6  5.2  4.9  4.4  4.0  3.5  2.9  2.4  1.8  1.0  0.0  0.0  0.0  0.0  0.0  0.0  0.0  0.0  0.0  0.0  0.0  0.0  0.0  0.0  0.0  0.0  0.0  0.0  0.0  0.0  0.0  0.0  0.0  0.0  0.0  0.0  0.0  0.0  0.0  0.0  0.0  0.0  0.0  0.0  0.0  0.0  0.0  0.0  0.0  0.0  0.0  0.0  0.0  0.0  0.0
-25 |  1.1  1.8  2.4  2.9  3.4  4.0  4.4  4.9  5.2  5.6  6.0  6.2  6.5  6.8  7.0  7.2  7.4  7.6  7.7  7.8  7.9  7.9  7.9  7.9  7.9  7.8  7.7  7.6  7.4  7.2  7.0  6.8  6.5  6.2  6.0  5.6  5.2  4.9  4.4  4.0  3.4  2.9  2.4  1.8  1.1  0.1  0.0  0.0  0.0  0.0  0.0  0.0  0.0  0.0  0.0  0.0  0.0  0.0  0.0  0.0  0.0  0.0  0.0  0.0  0.0  0.0  0.0  0.0  0.0  0.0  0.0  0.0  0.0  0.0  0.0  0.0  0.0  0.0  0.0  0.0  0.0  0.0  0.0  0.0  0.0  0.0  0.0  0.0  0.0  0.1
-27 |  1.1  1.8  2.4  2.9  3.4  4.0  4.4  4.8  5.2  5.5  5.9  6.2  6.5  6.7  7.0  7.2  7.3  7.5  7.6  7.7  7.7  7.8  7.8  7.8  7.7  7.7  7.6  7.5  7.3  7.2  7.0  6.7  6.5  6.2  5.9  5.5  5.2  4.8  4.4  4.0  3.4  2.9  2.4  1.8  1.1  0.1  0.0  0.0  0.0  0.0  0.0  0.0  0.0  0.0  0.0  0.0  0.0  0.0  0.0  0.0  0.0  0.0  0.0  0.0  0.0  0.0  0.0  0.0  0.0  0.0  0.0  0.0  0.0  0.0  0.0  0.0  0.0  0.0  0.0  0.0  0.0  0.0  0.0  0.0  0.0  0.0  0.0  0.0  0.0  0.1
-29 |  1.1  1.8  2.4  2.9  3.4  3.9  4.4  4.8  5.2  5.5  5.8  6.1  6.4  6.6  6.9  7.1  7.3  7.4  7.5  7.6  7.7  7.7  7.7  7.7  7.7  7.6  7.5  7.4  7.3  7.1  6.9  6.6  6.4  6.1  5.8  5.5  5.2  4.8  4.4  3.9  3.4  2.9  2.4  1.8  1.1  0.2  0.0  0.0  0.0  0.0  0.0  0.0  0.0  0.0  0.0  0.0  0.0  0.0  0.0  0.0  0.0  0.0  0.0  0.0  0.0  0.0  0.0  0.0  0.0  0.0  0.0  0.0  0.0  0.0  0.0  0.0  0.0  0.0  0.0  0.0  0.0  0.0  0.0  0.0  0.0  0.0  0.0  0.0  0.0  0.2
-31 |  1.1  1.8  2.4  2.9  3.4  3.9  4.3  4.7  5.1  5.4  5.8  6.0  6.3  6.5  6.8  7.0  7.2  7.3  7.4  7.5  7.6  7.7  7.7  7.7  7.6  7.5  7.4  7.3  7.2  7.0  6.8  6.5  6.3  6.0  5.8  5.4  5.1  4.7  4.3  3.9  3.4  2.9  2.4  1.8  1.1  0.3  0.0  0.0  0.0  0.0  0.0  0.0  0.0  0.0  0.0  0.0  0.0  0.0  0.0  0.0  0.0  0.0  0.0  0.0  0.0  0.0  0.0  0.0  0.0  0.0  0.0  0.0  0.0  0.0  0.0  0.0  0.0  0.0  0.0  0.0  0.0  0.0  0.0  0.0  0.0  0.0  0.0  0.0  0.0  0.3
-33 |  1.2  1.8  2.4  2.9  3.4  3.9  4.3  4.7  5.0  5.3  5.7  6.0  6.2  6.5  6.7  6.9  7.0  7.2  7.3  7.4  7.5  7.5  7.5  7.5  7.5  7.4  7.3  7.2  7.0  6.9  6.7  6.5  6.2  6.0  5.7  5.3  5.0  4.7  4.3  3.9  3.4  2.9  2.4  1.8  1.2  0.3  0.0  0.0  0.0  0.0  0.0  0.0  0.0  0.0  0.0  0.0  0.0  0.0  0.0  0.0  0.0  0.0  0.0  0.0  0.0  0.0  0.0  0.0  0.0  0.0  0.0  0.0  0.0  0.0  0.0  0.0  0.0  0.0  0.0  0.0  0.0  0.0  0.0  0.0  0.0  0.0  0.0  0.0  0.0  0.3
-35 |  1.2  1.8  2.3  2.8  3.3  3.8  4.2  4.6  5.0  5.2  5.6  5.9  6.1  6.4  6.6  6.8  7.0  7.1  7.2  7.3  7.3  7.4  7.4  7.4  7.3  7.3  7.2  7.1  7.0  6.8  6.6  6.4  6.1  5.9  5.6  5.2  5.0  4.6  4.2  3.8  3.3  2.8  2.3  1.8  1.2  0.4  0.0  0.0  0.0  0.0  0.0  0.0  0.0  0.0  0.0  0.0  0.0  0.0  0.0  0.0  0.0  0.0  0.0  0.0  0.0  0.0  0.0  0.0  0.0  0.0  0.0  0.0  0.0  0.0  0.0  0.0  0.0  0.0  0.0  0.0  0.0  0.0  0.0  0.0  0.0  0.0  0.0  0.0  0.0  0.4
-37 |  1.2  1.8  2.3  2.8  3.3  3.8  4.2  4.5  4.9  5.2  5.5  5.8  6.0  6.3  6.5  6.7  6.9  7.0  7.1  7.2  7.3  7.3  7.3  7.3  7.3  7.2  7.1  7.0  6.9  6.7  6.5  6.3  6.0  5.8  5.5  5.2  4.9  4.5  4.2  3.8  3.3  2.8  2.3  1.8  1.2  0.4  0.0  0.0  0.0  0.0  0.0  0.0  0.0  0.0  0.0  0.0  0.0  0.0  0.0  0.0  0.0  0.0  0.0  0.0  0.0  0.0  0.0  0.0  0.0  0.0  0.0  0.0  0.0  0.0  0.0  0.0  0.0  0.0  0.0  0.0  0.0  0.0  0.0  0.0  0.0  0.0  0.0  0.0  0.0  0.4
-39 |  1.2  1.8  2.3  2.8  3.3  3.6  4.1  4.5  4.8  5.2  5.4  5.7  6.0  6.2  6.4  6.5  6.7  6.9  7.0  7.0  7.1  7.2  7.2  7.2  7.1  7.0  7.0  6.9  6.7  6.5  6.4  6.2  6.0  5.7  5.4  5.2  4.8  4.5  4.1  3.6  3.3  2.8  2.3  1.8  1.2  0.5  0.0  0.0  0.0  0.0  0.0  0.0  0.0  0.0  0.0  0.0  0.0  0.0  0.0  0.0  0.0  0.0  0.0  0.0  0.0  0.0  0.0  0.0  0.0  0.0  0.0  0.0  0.0  0.0  0.0  0.0  0.0  0.0  0.0  0.0  0.0  0.0  0.0  0.0  0.0  0.0  0.0  0.0  0.0  0.5
-41 |  1.2  1.8  2.3  2.8  3.2  3.6  4.1  4.4  4.8  5.1  5.3  5.6  5.9  6.0  6.3  6.5  6.6  6.7  6.9  7.0  7.0  7.0  7.0  7.0  7.0  7.0  6.9  6.7  6.6  6.5  6.3  6.0  5.9  5.6  5.3  5.1  4.8  4.4  4.1  3.6  3.2  2.8  2.3  1.8  1.2  0.5  0.0  0.0  0.0  0.0  0.0  0.0  0.0  0.0  0.0  0.0  0.0  0.0  0.0  0.0  0.0  0.0  0.0  0.0  0.0  0.0  0.0  0.0  0.0  0.0  0.0  0.0  0.0  0.0  0.0  0.0  0.0  0.0  0.0  0.0  0.0  0.0  0.0  0.0  0.0  0.0  0.0  0.0  0.0  0.5
-43 |  1.2  1.8  2.3  2.7  3.2  3.5  4.0  4.3  4.7  5.0  5.2  5.5  5.8  6.0  6.1  6.3  6.5  6.6  6.7  6.8  6.9  6.9  6.9  6.9  6.9  6.8  6.7  6.6  6.5  6.3  6.1  6.0  5.8  5.5  5.2  5.0  4.7  4.3  4.0  3.5  3.2  2.7  2.3  1.8  1.2  0.6  0.0  0.0  0.0  0.0  0.0  0.0  0.0  0.0  0.0  0.0  0.0  0.0  0.0  0.0  0.0  0.0  0.0  0.0  0.0  0.0  0.0  0.0  0.0  0.0  0.0  0.0  0.0  0.0  0.0  0.0  0.0  0.0  0.0  0.0  0.0  0.0  0.0  0.0  0.0  0.0  0.0  0.0  0.0  0.6
-45 |  1.2  1.8  2.3  2.7  3.2  3.5  3.9  4.3  4.6  4.9  5.2  5.4  5.6  5.9  6.0  6.2  6.4  6.5  6.5  6.6  6.7  6.7  6.8  6.7  6.7  6.6  6.5  6.5  6.4  6.2  6.0  5.9  5.6  5.4  5.2  4.9  4.6  4.3  3.9  3.5  3.2  2.7  2.3  1.8  1.2  0.6  0.0  0.0  0.0  0.0  0.0  0.0  0.0  0.0  0.0  0.0  0.0  0.0  0.0  0.0  0.0  0.0  0.0  0.0  0.0  0.0  0.0  0.0  0.0  0.0  0.0  0.0  0.0  0.0  0.0  0.0  0.0  0.0  0.0  0.0  0.0  0.0  0.0  0.0  0.0  0.0  0.0  0.0  0.0  0.6
-47 |  1.3  1.8  2.3  2.7  3.1  3.4  3.9  4.2  4.5  4.8  5.1  5.2  5.5  5.7  5.9  6.0  6.2  6.3  6.5  6.5  6.5  6.6  6.6  6.6  6.5  6.5  6.5  6.3  6.2  6.0  5.9  5.7  5.5  5.2  5.1  4.8  4.5  4.2  3.9  3.4  3.1  2.7  2.3  1.8  1.3  0.7  0.0  0.0  0.0  0.0  0.0  0.0  0.0  0.0  0.0  0.0  0.0  0.0  0.0  0.0  0.0  0.0  0.0  0.0  0.0  0.0  0.0  0.0  0.0  0.0  0.0  0.0  0.0  0.0  0.0  0.0  0.0  0.0  0.0  0.0  0.0  0.0  0.0  0.0  0.0  0.0  0.0  0.0  0.0  0.7
-49 |  1.3  1.8  2.2  2.7  3.1  3.4  3.8  4.1  4.4  4.7  4.9  5.2  5.3  5.6  5.8  6.0  6.0  6.2  6.3  6.4  6.4  6.5  6.5  6.5  6.4  6.4  6.3  6.2  6.0  6.0  5.8  5.6  5.3  5.2  4.9  4.7  4.4  4.1  3.8  3.4  3.1  2.7  2.2  1.8  1.3  0.7  0.0  0.0  0.0  0.0  0.0  0.0  0.0  0.0  0.0  0.0  0.0  0.0  0.0  0.0  0.0  0.0  0.0  0.0  0.0  0.0  0.0  0.0  0.0  0.0  0.0  0.0  0.0  0.0  0.0  0.0  0.0  0.0  0.0  0.0  0.0  0.0  0.0  0.0  0.0  0.0  0.0  0.0  0.0  0.7
-51 |  1.3  1.8  2.2  2.6  2.9  3.3  3.6  4.0  4.3  4.6  4.8  5.1  5.2  5.4  5.6  5.8  5.9  6.0  6.1  6.2  6.2  6.3  6.3  6.3  6.2  6.2  6.1  6.0  5.9  5.8  5.6  5.4  5.2  5.1  4.8  4.6  4.3  4.0  3.6  3.3  2.9  2.6  2.2  1.8  1.3  0.7  0.0  0.0  0.0  0.0  0.0  0.0  0.0  0.0  0.0  0.0  0.0  0.0  0.0  0.0  0.0  0.0  0.0  0.0  0.0  0.0  0.0  0.0  0.0  0.0  0.0  0.0  0.0  0.0  0.0  0.0  0.0  0.0  0.0  0.0  0.0  0.0  0.0  0.0  0.0  0.0  0.0  0.0  0.0  0.7
-53 |  1.3  1.7  2.2  2.6  2.9  3.3  3.5  3.9  4.2  4.4  4.7  4.9  5.1  5.2  5.4  5.6  5.7  5.9  6.0  6.0  6.0  6.0  6.1  6.0  6.0  6.0  6.0  5.9  5.7  5.6  5.4  5.2  5.1  4.9  4.7  4.4  4.2  3.9  3.5  3.3  2.9  2.6  2.2  1.7  1.3  0.8  0.0  0.0  0.0  0.0  0.0  0.0  0.0  0.0  0.0  0.0  0.0  0.0  0.0  0.0  0.0  0.0  0.0  0.0  0.0  0.0  0.0  0.0  0.0  0.0  0.0  0.0  0.0  0.0  0.0  0.0  0.0  0.0  0.0  0.0  0.0  0.0  0.0  0.0  0.0  0.0  0.0  0.0  0.0  0.8
-55 |  1.3  1.7  2.1  2.6  2.8  3.2  3.5  3.8  4.1  4.3  4.6  4.8  5.0  5.2  5.3  5.4  5.6  5.7  5.8  5.8  5.9  5.9  5.9  5.9  5.9  5.8  5.8  5.7  5.6  5.4  5.3  5.2  5.0  4.8  4.6  4.3  4.1  3.8  3.5  3.2  2.8  2.6  2.1  1.7  1.3  0.8  0.1  0.0  0.0  0.0  0.0  0.0  0.0  0.0  0.0  0.0  0.0  0.0  0.0  0.0  0.0  0.0  0.0  0.0  0.0  0.0  0.0  0.0  0.0  0.0  0.0  0.0  0.0  0.0  0.0  0.0  0.0  0.0  0.0  0.0  0.0  0.0  0.0  0.0  0.0  0.0  0.0  0.0  0.1  0.8
-57 |  1.3  1.7  2.1  2.4  2.8  3.1  3.4  3.6  4.0  4.2  4.4  4.6  4.8  5.0  5.2  5.2  5.4  5.5  5.6  5.6  5.7  5.7  5.7  5.7  5.7  5.6  5.6  5.5  5.4  5.2  5.2  5.0  4.8  4.6  4.4  4.2  4.0  3.6  3.4  3.1  2.8  2.4  2.1  1.7  1.3  0.8  0.2  0.0  0.0  0.0  0.0  0.0  0.0  0.0  0.0  0.0  0.0  0.0  0.0  0.0  0.0  0.0  0.0  0.0  0.0  0.0  0.0  0.0  0.0  0.0  0.0  0.0  0.0  0.0  0.0  0.0  0.0  0.0  0.0  0.0  0.0  0.0  0.0  0.0  0.0  0.0  0.0  0.0  0.2  0.8
-59 |  1.3  1.7  2.1  2.4  2.7  3.1  3.3  3.5  3.9  4.1  4.3  4.5  4.7  4.8  5.0  5.1  5.2  5.3  5.3  5.4  5.5  5.5  5.5  5.5  5.5  5.4  5.3  5.3  5.2  5.1  5.0  4.8  4.7  4.5  4.3  4.1  3.9  3.5  3.3  3.1  2.7  2.4  2.1  1.7  1.3  0.9  0.3  0.0  0.0  0.0  0.0  0.0  0.0  0.0  0.0  0.0  0.0  0.0  0.0  0.0  0.0  0.0  0.0  0.0  0.0  0.0  0.0  0.0  0.0  0.0  0.0  0.0  0.0  0.0  0.0  0.0  0.0  0.0  0.0  0.0  0.0  0.0  0.0  0.0  0.0  0.0  0.0  0.0  0.3  0.9
-61 |  1.3  1.7  2.0  2.3  2.7  2.9  3.2  3.4  3.6  3.9  4.1  4.3  4.5  4.7  4.8  4.9  5.0  5.1  5.2  5.2  5.2  5.3  5.3  5.3  5.2  5.2  5.2  5.1  5.0  4.9  4.8  4.7  4.5  4.3  4.1  3.9  3.6  3.4  3.2  2.9  2.7  2.3  2.0  1.7  1.3  0.9  0.4  0.0  0.0  0.0  0.0  0.0  0.0  0.0  0.0  0.0  0.0  0.0  0.0  0.0  0.0  0.0  0.0  0.0  0.0  0.0  0.0  0.0  0.0  0.0  0.0  0.0  0.0  0.0  0.0  0.0  0.0  0.0  0.0  0.0  0.0  0.0  0.0  0.0  0.0  0.0  0.0  0.0  0.4  0.9
-63 |  1.3  1.7  2.0  2.3  2.6  2.8  3.1  3.3  3.5  3.8  4.0  4.2  4.3  4.5  4.6  4.7  4.8  4.9  5.0  5.1  5.1  5.1  5.1  5.1  5.1  5.1  5.0  4.9  4.8  4.7  4.6  4.5  4.3  4.2  4.0  3.8  3.5  3.3  3.1  2.8  2.6  2.3  2.0  1.7  1.3  0.9  0.5  0.0  0.0  0.0  0.0  0.0  0.0  0.0  0.0  0.0  0.0  0.0  0.0  0.0  0.0  0.0  0.0  0.0  0.0  0.0  0.0  0.0  0.0  0.0  0.0  0.0  0.0  0.0  0.0  0.0  0.0  0.0  0.0  0.0  0.0  0.0  0.0  0.0  0.0  0.0  0.0  0.0  0.5  0.9
-65 |  1.3  1.6  1.9  2.3  2.4  2.7  2.9  3.2  3.4  3.6  3.8  4.0  4.2  4.3  4.4  4.5  4.6  4.7  4.8  4.8  4.9  4.9  4.9  4.9  4.9  4.8  4.8  4.7  4.6  4.5  4.4  4.3  4.2  4.0  3.8  3.6  3.4  3.2  2.9  2.7  2.4  2.3  1.9  1.6  1.3  1.0  0.6  0.0  0.0  0.0  0.0  0.0  0.0  0.0  0.0  0.0  0.0  0.0  0.0  0.0  0.0  0.0  0.0  0.0  0.0  0.0  0.0  0.0  0.0  0.0  0.0  0.0  0.0  0.0  0.0  0.0  0.0  0.0  0.0  0.0  0.0  0.0  0.0  0.0  0.0  0.0  0.0  0.0  0.6  1.0
-67 |  1.3  1.6  1.9  2.2  2.4  2.7  2.8  3.1  3.3  3.4  3.6  3.8  4.0  4.1  4.2  4.3  4.4  4.5  4.6  4.6  4.6  4.7  4.7  4.7  4.6  4.6  4.6  4.5  4.4  4.3  4.2  4.1  4.0  3.8  3.6  3.4  3.3  3.1  2.8  2.7  2.4  2.2  1.9  1.6  1.3  1.0  0.6  0.1  0.0  0.0  0.0  0.0  0.0  0.0  0.0  0.0  0.0  0.0  0.0  0.0  0.0  0.0  0.0  0.0  0.0  0.0  0.0  0.0  0.0  0.0  0.0  0.0  0.0  0.0  0.0  0.0  0.0  0.0  0.0  0.0  0.0  0.0  0.0  0.0  0.0  0.0  0.0  0.1  0.6  1.0
-69 |  1.3  1.6  1.9  2.1  2.3  2.6  2.7  2.9  3.2  3.3  3.4  3.6  3.8  3.9  4.0  4.1  4.2  4.3  4.3  4.4  4.4  4.4  4.4  4.4  4.4  4.4  4.3  4.3  4.2  4.1  4.0  3.9  3.8  3.6  3.4  3.3  3.2  2.9  2.7  2.6  2.3  2.1  1.9  1.6  1.3  1.0  0.7  0.3  0.0  0.0  0.0  0.0  0.0  0.0  0.0  0.0  0.0  0.0  0.0  0.0  0.0  0.0  0.0  0.0  0.0  0.0  0.0  0.0  0.0  0.0  0.0  0.0  0.0  0.0  0.0  0.0  0.0  0.0  0.0  0.0  0.0  0.0  0.0  0.0  0.0  0.0  0.0  0.3  0.7  1.0
-71 |  1.3  1.6  1.8  2.0  2.3  2.4  2.7  2.8  2.9  3.2  3.3  3.4  3.5  3.6  3.8  3.9  4.0  4.0  4.1  4.1  4.2  4.2  4.2  4.2  4.2  4.1  4.1  4.0  4.0  3.9  3.8  3.6  3.5  3.4  3.3  3.2  2.9  2.8  2.7  2.4  2.3  2.0  1.8  1.6  1.3  1.0  0.7  0.4  0.0  0.0  0.0  0.0  0.0  0.0  0.0  0.0  0.0  0.0  0.0  0.0  0.0  0.0  0.0  0.0  0.0  0.0  0.0  0.0  0.0  0.0  0.0  0.0  0.0  0.0  0.0  0.0  0.0  0.0  0.0  0.0  0.0  0.0  0.0  0.0  0.0  0.0  0.0  0.4  0.7  1.0
-73 |  1.3  1.5  1.7  1.9  2.2  2.3  2.6  2.7  2.8  2.9  3.1  3.2  3.3  3.4  3.5  3.6  3.8  3.8  3.9  3.9  3.9  3.9  3.9  3.9  3.9  3.9  3.9  3.8  3.8  3.6  3.5  3.4  3.3  3.2  3.1  2.9  2.8  2.7  2.6  2.3  2.2  1.9  1.7  1.5  1.3  1.1  0.8  0.5  0.1  0.0  0.0  0.0  0.0  0.0  0.0  0.0  0.0  0.0  0.0  0.0  0.0  0.0  0.0  0.0  0.0  0.0  0.0  0.0  0.0  0.0  0.0  0.0  0.0  0.0  0.0  0.0  0.0  0.0  0.0  0.0  0.0  0.0  0.0  0.0  0.0  0.0  0.1  0.5  0.8  1.1
-75 |  1.3  1.5  1.7  1.9  2.1  2.2  2.4  2.6  2.7  2.8  2.9  3.1  3.2  3.2  3.3  3.4  3.4  3.5  3.5  3.6  3.6  3.6  3.6  3.6  3.6  3.6  3.5  3.5  3.4  3.4  3.3  3.2  3.2  3.1  2.9  2.8  2.7  2.6  2.4  2.2  2.1  1.9  1.7  1.5  1.3  1.1  0.9  0.6  0.3  0.0  0.0  0.0  0.0  0.0  0.0  0.0  0.0  0.0  0.0  0.0  0.0  0.0  0.0  0.0  0.0  0.0  0.0  0.0  0.0  0.0  0.0  0.0  0.0  0.0  0.0  0.0  0.0  0.0  0.0  0.0  0.0  0.0  0.0  0.0  0.0  0.0  0.3  0.6  0.9  1.1
-77 |  1.3  1.5  1.6  1.8  2.0  2.1  2.3  2.4  2.4  2.6  2.7  2.8  2.9  2.9  3.1  3.2  3.2  3.3  3.3  3.3  3.3  3.4  3.4  3.4  3.3  3.3  3.3  3.3  3.2  3.2  3.1  2.9  2.9  2.8  2.7  2.6  2.4  2.4  2.3  2.1  2.0  1.8  1.6  1.5  1.3  1.1  0.9  0.7  0.5  0.2  0.0  0.0  0.0  0.0  0.0  0.0  0.0  0.0  0.0  0.0  0.0  0.0  0.0  0.0  0.0  0.0  0.0  0.0  0.0  0.0  0.0  0.0  0.0  0.0  0.0  0.0  0.0  0.0  0.0  0.0  0.0  0.0  0.0  0.0  0.0  0.2  0.5  0.7  0.9  1.1
-79 |  1.3  1.4  1.6  1.7  1.9  2.0  2.1  2.2  2.3  2.4  2.6  2.6  2.7  2.8  2.8  2.9  2.9  2.9  3.1  3.1  3.1  3.1  3.1  3.1  3.1  3.1  3.1  2.9  2.9  2.9  2.8  2.8  2.7  2.6  2.6  2.4  2.3  2.2  2.1  2.0  1.9  1.7  1.6  1.4  1.3  1.1  1.0  0.8  0.6  0.4  0.2  0.0  0.0  0.0  0.0  0.0  0.0  0.0  0.0  0.0  0.0  0.0  0.0  0.0  0.0  0.0  0.0  0.0  0.0  0.0  0.0  0.0  0.0  0.0  0.0  0.0  0.0  0.0  0.0  0.0  0.0  0.0  0.0  0.0  0.2  0.4  0.6  0.8  1.0  1.1
-81 |  1.3  1.4  1.5  1.6  1.7  1.9  2.0  2.1  2.1  2.3  2.3  2.4  2.4  2.6  2.6  2.6  2.7  2.7  2.7  2.7  2.8  2.8  2.8  2.8  2.8  2.7  2.7  2.7  2.7  2.6  2.6  2.6  2.4  2.4  2.3  2.3  2.1  2.1  2.0  1.9  1.7  1.6  1.5  1.4  1.3  1.2  1.0  0.9  0.7  0.6  0.4  0.2  0.0  0.0  0.0  0.0  0.0  0.0  0.0  0.0  0.0  0.0  0.0  0.0  0.0  0.0  0.0  0.0  0.0  0.0  0.0  0.0  0.0  0.0  0.0  0.0  0.0  0.0  0.0  0.0  0.0  0.0  0.0  0.2  0.4  0.6  0.7  0.9  1.0  1.2
-83 |  1.3  1.4  1.5  1.5  1.6  1.7  1.8  1.9  2.0  2.0  2.1  2.2  2.2  2.3  2.3  2.3  2.4  2.4  2.4  2.4  2.4  2.4  2.4  2.4  2.4  2.4  2.4  2.4  2.4  2.3  2.3  2.3  2.2  2.2  2.1  2.0  2.0  1.9  1.8  1.7  1.6  1.5  1.5  1.4  1.3  1.2  1.1  1.0  0.9  0.7  0.6  0.5  0.4  0.3  0.1  0.0  0.0  0.0  0.0  0.0  0.0  0.0  0.0  0.0  0.0  0.0  0.0  0.0  0.0  0.0  0.0  0.0  0.0  0.0  0.0  0.0  0.0  0.0  0.0  0.0  0.1  0.3  0.4  0.5  0.6  0.7  0.9  1.0  1.1  1.2
-85 |  1.3  1.3  1.4  1.5  1.5  1.6  1.6  1.7  1.8  1.8  1.9  1.9  1.9  2.0  2.0  2.1  2.1  2.1  2.1  2.1  2.1  2.1  2.2  2.1  2.1  2.1  2.1  2.1  2.1  2.1  2.0  2.0  1.9  1.9  1.9  1.8  1.8  1.7  1.6  1.6  1.5  1.5  1.4  1.3  1.3  1.2  1.1  1.0  1.0  0.9  0.8  0.7  0.7  0.6  0.5  0.4  0.4  0.3  0.2  0.1  0.1  0.0  0.0  0.0  0.0  0.0  0.0  0.0  0.0  0.0  0.0  0.0  0.0  0.0  0.1  0.1  0.2  0.3  0.4  0.4  0.5  0.6  0.7  0.7  0.8  0.9  1.0  1.0  1.1  1.2
-87 |  1.2  1.3  1.3  1.4  1.4  1.4  1.5  1.5  1.5  1.6  1.6  1.6  1.7  1.7  1.7  1.7  1.8  1.8  1.8  1.8  1.8  1.8  1.8  1.8  1.8  1.8  1.8  1.8  1.8  1.7  1.7  1.7  1.7  1.6  1.6  1.6  1.5  1.5  1.5  1.4  1.4  1.4  1.3  1.3  1.2  1.2  1.2  1.1  1.1  1.0  1.0  0.9  0.9  0.9  0.8  0.8  0.8  0.7  0.7  0.7  0.6  0.6  0.6  0.6  0.6  0.6  0.6  0.6  0.6  0.6  0.6  0.6  0.6  0.6  0.6  0.7  0.7  0.7  0.8  0.8  0.8  0.9  0.9  0.9  1.0  1.0  1.1  1.1  1.2  1.2
-89 |  1.2  1.2  1.3  1.3  1.3  1.3  1.3  1.3  1.3  1.4  1.4  1.4  1.4  1.4  1.4  1.4  1.4  1.4  1.4  1.4  1.4  1.4  1.4  1.4  1.4  1.4  1.4  1.4  1.4  1.4  1.4  1.4  1.4  1.4  1.4  1.4  1.3  1.3  1.3  1.3  1.3  1.3  1.3  1.2  1.2  1.2  1.2  1.2  1.2  1.2  1.2  1.1  1.1  1.1  1.1  1.1  1.1  1.1  1.1  1.0  1.0  1.0  1.0  1.0  1.0  1.0  1.0  1.0  1.0  1.0  1.0  1.0  1.0  1.0  1.0  1.0  1.1  1.1  1.1  1.1  1.1  1.1  1.1  1.1  1.2  1.2  1.2  1.2  1.2  1.2
