# DRAP Tabular Values
# Product: D-Region Absorption         S:\DRAP Archive\SWX_DRAP20_C_SWPC_20150101150000_GLOBAL.txt
# Product Valid At : 2015-01-01 15:00 UTC
#
# Prepared by the U.S. Dept. of Commerce, NOAA, Space Weather Prediction Center.
# Please send comments and suggestions to SWPC.Webmaster@noaa.gov
#
# Estimated Recovery Time : No Estimate
#
#  X-RAY Message : Normal X-ray Background
#
#  X-RAY Warning :  
#
#  Proton Message : Normal Proton Background
#
#  Proton Warning : 
#
# Frequency (MHz) as a function of Latitude and Longitude
#
      -178 -174 -170 -166 -162 -158 -154 -150 -146 -142 -138 -134 -130 -126 -122 -118 -114 -110 -106 -102  -98  -94  -90  -86  -82  -78  -74  -70  -66  -62  -58  -54  -50  -46  -42  -38  -34  -30  -26  -22  -18  -14  -10   -6   -2    2    6   10   14   18   22   26   30   34   38   42   46   50   54   58   62   66   70   74   78   82   86   90   94   98  102  106  110  114  118  122  126  130  134  138  142  146  150  154  158  162  166  170  174  178
------------------------------------------------------------------------------------------------------------------------------------------------------------------------------------------------------------------------------------------------------------------------------------------------------------------------------------------------------------------------------------------------------------------------------------------------------------------------
 89 |  0.0  0.0  0.0  0.0  0.0  0.0  0.0  0.0  0.0  0.0  0.0  0.0  0.0  0.0  0.0  0.0  0.0  0.0  0.0  0.0  0.0  0.0  0.0  0.0  0.0  0.0  0.0  0.0  0.0  0.0  0.0  0.0  0.0  0.0  0.0  0.0  0.0  0.0  0.0  0.0  0.0  0.0  0.0  0.0  0.0  0.0  0.0  0.0  0.0  0.0  0.0  0.0  0.0  0.0  0.0  0.0  0.0  0.0  0.0  0.0  0.0  0.0  0.0  0.0  0.0  0.0  0.0  0.0  0.0  0.0  0.0  0.0  0.0  0.0  0.0  0.0  0.0  0.0  0.0  0.0  0.0  0.0  0.0  0.0  0.0  0.0  0.0  0.0  0.0  0.0
 87 |  0.0  0.0  0.0  0.0  0.0  0.0  0.0  0.0  0.0  0.0  0.0  0.0  0.0  0.0  0.0  0.0  0.0  0.0  0.0  0.0  0.0  0.0  0.0  0.0  0.0  0.0  0.0  0.0  0.0  0.0  0.0  0.0  0.0  0.0  0.0  0.0  0.0  0.0  0.0  0.0  0.0  0.0  0.0  0.0  0.0  0.0  0.0  0.0  0.0  0.0  0.0  0.0  0.0  0.0  0.0  0.0  0.0  0.0  0.0  0.0  0.0  0.0  0.0  0.0  0.0  0.0  0.0  0.0  0.0  0.0  0.0  0.0  0.0  0.0  0.0  0.0  0.0  0.0  0.0  0.0  0.0  0.0  0.0  0.0  0.0  0.0  0.0  0.0  0.0  0.0
 85 |  0.0  0.0  0.0  0.0  0.0  0.0  0.0  0.0  0.0  0.0  0.0  0.0  0.0  0.0  0.0  0.0  0.0  0.0  0.0  0.0  0.0  0.0  0.0  0.0  0.0  0.0  0.0  0.0  0.0  0.0  0.0  0.0  0.0  0.0  0.0  0.0  0.0  0.0  0.0  0.0  0.0  0.0  0.0  0.0  0.0  0.0  0.0  0.0  0.0  0.0  0.0  0.0  0.0  0.0  0.0  0.0  0.0  0.0  0.0  0.0  0.0  0.0  0.0  0.0  0.0  0.0  0.0  0.0  0.0  0.0  0.0  0.0  0.0  0.0  0.0  0.0  0.0  0.0  0.0  0.0  0.0  0.0  0.0  0.0  0.0  0.0  0.0  0.0  0.0  0.0
 83 |  0.0  0.0  0.0  0.0  0.0  0.0  0.0  0.0  0.0  0.0  0.0  0.0  0.0  0.0  0.0  0.0  0.0  0.0  0.0  0.0  0.0  0.0  0.0  0.0  0.0  0.0  0.0  0.0  0.0  0.0  0.0  0.0  0.0  0.0  0.0  0.0  0.0  0.0  0.0  0.0  0.0  0.0  0.0  0.0  0.0  0.0  0.0  0.0  0.0  0.0  0.0  0.0  0.0  0.0  0.0  0.0  0.0  0.0  0.0  0.0  0.0  0.0  0.0  0.0  0.0  0.0  0.0  0.0  0.0  0.0  0.0  0.0  0.0  0.0  0.0  0.0  0.0  0.0  0.0  0.0  0.0  0.0  0.0  0.0  0.0  0.0  0.0  0.0  0.0  0.0
 81 |  0.0  0.0  0.0  0.0  0.0  0.0  0.0  0.0  0.0  0.0  0.0  0.0  0.0  0.0  0.0  0.0  0.0  0.0  0.0  0.0  0.0  0.0  0.0  0.0  0.0  0.0  0.0  0.0  0.0  0.0  0.0  0.0  0.0  0.0  0.0  0.0  0.0  0.0  0.0  0.0  0.0  0.0  0.0  0.0  0.0  0.0  0.0  0.0  0.0  0.0  0.0  0.0  0.0  0.0  0.0  0.0  0.0  0.0  0.0  0.0  0.0  0.0  0.0  0.0  0.0  0.0  0.0  0.0  0.0  0.0  0.0  0.0  0.0  0.0  0.0  0.0  0.0  0.0  0.0  0.0  0.0  0.0  0.0  0.0  0.0  0.0  0.0  0.0  0.0  0.0
 79 |  0.0  0.0  0.0  0.0  0.0  0.0  0.0  0.0  0.0  0.0  0.0  0.0  0.0  0.0  0.0  0.0  0.0  0.0  0.0  0.0  0.0  0.0  0.0  0.0  0.0  0.0  0.0  0.0  0.0  0.0  0.0  0.0  0.0  0.0  0.0  0.0  0.0  0.0  0.0  0.0  0.0  0.0  0.0  0.0  0.0  0.0  0.0  0.0  0.0  0.0  0.0  0.0  0.0  0.0  0.0  0.0  0.0  0.0  0.0  0.0  0.0  0.0  0.0  0.0  0.0  0.0  0.0  0.0  0.0  0.0  0.0  0.0  0.0  0.0  0.0  0.0  0.0  0.0  0.0  0.0  0.0  0.0  0.0  0.0  0.0  0.0  0.0  0.0  0.0  0.0
 77 |  0.0  0.0  0.0  0.0  0.0  0.0  0.0  0.0  0.0  0.0  0.0  0.0  0.0  0.0  0.0  0.0  0.0  0.0  0.0  0.0  0.0  0.0  0.0  0.0  0.0  0.0  0.0  0.0  0.0  0.0  0.0  0.0  0.0  0.0  0.0  0.0  0.0  0.0  0.0  0.0  0.0  0.0  0.0  0.0  0.0  0.0  0.0  0.0  0.0  0.0  0.0  0.0  0.0  0.0  0.0  0.0  0.0  0.0  0.0  0.0  0.0  0.0  0.0  0.0  0.0  0.0  0.0  0.0  0.0  0.0  0.0  0.0  0.0  0.0  0.0  0.0  0.0  0.0  0.0  0.0  0.0  0.0  0.0  0.0  0.0  0.0  0.0  0.0  0.0  0.0
 75 |  0.0  0.0  0.0  0.0  0.0  0.0  0.0  0.0  0.0  0.0  0.0  0.0  0.0  0.0  0.0  0.0  0.0  0.0  0.0  0.0  0.0  0.0  0.0  0.0  0.0  0.0  0.0  0.0  0.0  0.0  0.0  0.0  0.0  0.0  0.0  0.0  0.0  0.0  0.0  0.0  0.0  0.0  0.0  0.0  0.0  0.0  0.0  0.0  0.0  0.0  0.0  0.0  0.0  0.0  0.0  0.0  0.0  0.0  0.0  0.0  0.0  0.0  0.0  0.0  0.0  0.0  0.0  0.0  0.0  0.0  0.0  0.0  0.0  0.0  0.0  0.0  0.0  0.0  0.0  0.0  0.0  0.0  0.0  0.0  0.0  0.0  0.0  0.0  0.0  0.0
 73 |  0.0  0.0  0.0  0.0  0.0  0.0  0.0  0.0  0.0  0.0  0.0  0.0  0.0  0.0  0.0  0.0  0.0  0.0  0.0  0.0  0.0  0.0  0.0  0.0  0.0  0.0  0.0  0.0  0.0  0.0  0.0  0.0  0.0  0.0  0.0  0.0  0.0  0.0  0.0  0.0  0.0  0.0  0.0  0.0  0.0  0.0  0.0  0.0  0.0  0.0  0.0  0.0  0.0  0.0  0.0  0.0  0.0  0.0  0.0  0.0  0.0  0.0  0.0  0.0  0.0  0.0  0.0  0.0  0.0  0.0  0.0  0.0  0.0  0.0  0.0  0.0  0.0  0.0  0.0  0.0  0.0  0.0  0.0  0.0  0.0  0.0  0.0  0.0  0.0  0.0
 71 |  0.0  0.0  0.0  0.0  0.0  0.0  0.0  0.0  0.0  0.0  0.0  0.0  0.0  0.0  0.0  0.0  0.0  0.0  0.0  0.0  0.0  0.0  0.0  0.0  0.0  0.0  0.0  0.0  0.0  0.0  0.0  0.0  0.0  0.0  0.0  0.0  0.0  0.0  0.0  0.0  0.0  0.0  0.0  0.0  0.0  0.0  0.0  0.0  0.0  0.0  0.0  0.0  0.0  0.0  0.0  0.0  0.0  0.0  0.0  0.0  0.0  0.0  0.0  0.0  0.0  0.0  0.0  0.0  0.0  0.0  0.0  0.0  0.0  0.0  0.0  0.0  0.0  0.0  0.0  0.0  0.0  0.0  0.0  0.0  0.0  0.0  0.0  0.0  0.0  0.0
 69 |  0.0  0.0  0.0  0.0  0.0  0.0  0.0  0.0  0.0  0.0  0.0  0.0  0.0  0.0  0.0  0.0  0.0  0.0  0.0  0.0  0.0  0.0  0.0  0.0  0.0  0.0  0.0  0.0  0.0  0.0  0.0  0.0  0.0  0.0  0.0  0.0  0.0  0.0  0.0  0.0  0.0  0.0  0.0  0.0  0.0  0.0  0.0  0.0  0.0  0.0  0.0  0.0  0.0  0.0  0.0  0.0  0.0  0.0  0.0  0.0  0.0  0.0  0.0  0.0  0.0  0.0  0.0  0.0  0.0  0.0  0.0  0.0  0.0  0.0  0.0  0.0  0.0  0.0  0.0  0.0  0.0  0.0  0.0  0.0  0.0  0.0  0.0  0.0  0.0  0.0
 67 |  0.0  0.0  0.0  0.0  0.0  0.0  0.0  0.0  0.0  0.0  0.0  0.0  0.0  0.0  0.0  0.0  0.0  0.0  0.0  0.0  0.0  0.0  0.0  0.0  0.0  0.0  0.0  0.0  0.0  0.0  0.0  0.0  0.0  0.0  0.0  0.0  0.0  0.0  0.0  0.0  0.0  0.0  0.0  0.0  0.0  0.0  0.0  0.0  0.0  0.0  0.0  0.0  0.0  0.0  0.0  0.0  0.0  0.0  0.0  0.0  0.0  0.0  0.0  0.0  0.0  0.0  0.0  0.0  0.0  0.0  0.0  0.0  0.0  0.0  0.0  0.0  0.0  0.0  0.0  0.0  0.0  0.0  0.0  0.0  0.0  0.0  0.0  0.0  0.0  0.0
 65 |  0.0  0.0  0.0  0.0  0.0  0.0  0.0  0.0  0.0  0.0  0.0  0.0  0.0  0.0  0.0  0.0  0.0  0.0  0.0  0.0  0.0  0.0  0.0  0.0  0.0  0.0  0.0  0.0  0.1  0.2  0.2  0.3  0.3  0.3  0.3  0.3  0.2  0.2  0.1  0.0  0.0  0.0  0.0  0.0  0.0  0.0  0.0  0.0  0.0  0.0  0.0  0.0  0.0  0.0  0.0  0.0  0.0  0.0  0.0  0.0  0.0  0.0  0.0  0.0  0.0  0.0  0.0  0.0  0.0  0.0  0.0  0.0  0.0  0.0  0.0  0.0  0.0  0.0  0.0  0.0  0.0  0.0  0.0  0.0  0.0  0.0  0.0  0.0  0.0  0.0
 63 |  0.0  0.0  0.0  0.0  0.0  0.0  0.0  0.0  0.0  0.0  0.0  0.0  0.0  0.0  0.0  0.0  0.0  0.0  0.0  0.0  0.0  0.0  0.0  0.0  0.0  0.0  0.2  0.3  0.3  0.4  0.4  0.5  0.5  0.5  0.5  0.5  0.5  0.4  0.4  0.3  0.2  0.1  0.0  0.0  0.0  0.0  0.0  0.0  0.0  0.0  0.0  0.0  0.0  0.0  0.0  0.0  0.0  0.0  0.0  0.0  0.0  0.0  0.0  0.0  0.0  0.0  0.0  0.0  0.0  0.0  0.0  0.0  0.0  0.0  0.0  0.0  0.0  0.0  0.0  0.0  0.0  0.0  0.0  0.0  0.0  0.0  0.0  0.0  0.0  0.0
 61 |  0.0  0.0  0.0  0.0  0.0  0.0  0.0  0.0  0.0  0.0  0.0  0.0  0.0  0.0  0.0  0.0  0.0  0.0  0.0  0.0  0.0  0.0  0.0  0.0  0.1  0.3  0.4  0.5  0.5  0.6  0.6  0.7  0.7  0.7  0.7  0.7  0.6  0.6  0.6  0.5  0.4  0.3  0.2  0.1  0.0  0.0  0.0  0.0  0.0  0.0  0.0  0.0  0.0  0.0  0.0  0.0  0.0  0.0  0.0  0.0  0.0  0.0  0.0  0.0  0.0  0.0  0.0  0.0  0.0  0.0  0.0  0.0  0.0  0.0  0.0  0.0  0.0  0.0  0.0  0.0  0.0  0.0  0.0  0.0  0.0  0.0  0.0  0.0  0.0  0.0
 59 |  0.0  0.0  0.0  0.0  0.0  0.0  0.0  0.0  0.0  0.0  0.0  0.0  0.0  0.0  0.0  0.0  0.0  0.0  0.0  0.0  0.0  0.0  0.0  0.2  0.3  0.5  0.6  0.6  0.7  0.7  0.8  0.8  0.8  0.8  0.8  0.8  0.8  0.8  0.7  0.7  0.6  0.5  0.4  0.3  0.1  0.0  0.0  0.0  0.0  0.0  0.0  0.0  0.0  0.0  0.0  0.0  0.0  0.0  0.0  0.0  0.0  0.0  0.0  0.0  0.0  0.0  0.0  0.0  0.0  0.0  0.0  0.0  0.0  0.0  0.0  0.0  0.0  0.0  0.0  0.0  0.0  0.0  0.0  0.0  0.0  0.0  0.0  0.0  0.0  0.0
 57 |  0.0  0.0  0.0  0.0  0.0  0.0  0.0  0.0  0.0  0.0  0.0  0.0  0.0  0.0  0.0  0.0  0.0  0.0  0.0  0.0  0.0  0.0  0.2  0.4  0.5  0.6  0.7  0.8  0.9  0.9  0.9  1.0  1.0  1.0  1.0  1.0  1.0  0.9  0.9  0.8  0.8  0.7  0.6  0.5  0.3  0.1  0.0  0.0  0.0  0.0  0.0  0.0  0.0  0.0  0.0  0.0  0.0  0.0  0.0  0.0  0.0  0.0  0.0  0.0  0.0  0.0  0.0  0.0  0.0  0.0  0.0  0.0  0.0  0.0  0.0  0.0  0.0  0.0  0.0  0.0  0.0  0.0  0.0  0.0  0.0  0.0  0.0  0.0  0.0  0.0
 55 |  0.0  0.0  0.0  0.0  0.0  0.0  0.0  0.0  0.0  0.0  0.0  0.0  0.0  0.0  0.0  0.0  0.0  0.0  0.0  0.0  0.0  0.2  0.4  0.6  0.7  0.8  0.9  0.9  1.0  1.0  1.1  1.1  1.1  1.2  1.1  1.1  1.1  1.1  1.0  1.0  0.9  0.8  0.7  0.6  0.5  0.3  0.1  0.0  0.0  0.0  0.0  0.0  0.0  0.0  0.0  0.0  0.0  0.0  0.0  0.0  0.0  0.0  0.0  0.0  0.0  0.0  0.0  0.0  0.0  0.0  0.0  0.0  0.0  0.0  0.0  0.0  0.0  0.0  0.0  0.0  0.0  0.0  0.0  0.0  0.0  0.0  0.0  0.0  0.0  0.0
 53 |  0.0  0.0  0.0  0.0  0.0  0.0  0.0  0.0  0.0  0.0  0.0  0.0  0.0  0.0  0.0  0.0  0.0  0.0  0.0  0.0  0.2  0.4  0.6  0.7  0.8  0.9  1.0  1.1  1.1  1.2  1.2  1.2  1.3  1.3  1.3  1.3  1.2  1.2  1.2  1.1  1.0  0.9  0.9  0.7  0.6  0.5  0.3  0.1  0.0  0.0  0.0  0.0  0.0  0.0  0.0  0.0  0.0  0.0  0.0  0.0  0.0  0.0  0.0  0.0  0.0  0.0  0.0  0.0  0.0  0.0  0.0  0.0  0.0  0.0  0.0  0.0  0.0  0.0  0.0  0.0  0.0  0.0  0.0  0.0  0.0  0.0  0.0  0.0  0.0  0.0
 51 |  0.0  0.0  0.0  0.0  0.0  0.0  0.0  0.0  0.0  0.0  0.0  0.0  0.0  0.0  0.0  0.0  0.0  0.0  0.0  0.1  0.4  0.5  0.7  0.8  0.9  1.0  1.1  1.2  1.3  1.3  1.4  1.4  1.4  1.4  1.4  1.4  1.4  1.3  1.3  1.2  1.2  1.1  1.0  0.9  0.8  0.6  0.5  0.3  0.0  0.0  0.0  0.0  0.0  0.0  0.0  0.0  0.0  0.0  0.0  0.0  0.0  0.0  0.0  0.0  0.0  0.0  0.0  0.0  0.0  0.0  0.0  0.0  0.0  0.0  0.0  0.0  0.0  0.0  0.0  0.0  0.0  0.0  0.0  0.0  0.0  0.0  0.0  0.0  0.0  0.0
 49 |  0.0  0.0  0.0  0.0  0.0  0.0  0.0  0.0  0.0  0.0  0.0  0.0  0.0  0.0  0.0  0.0  0.0  0.0  0.0  0.3  0.5  0.7  0.8  0.9  1.0  1.2  1.2  1.3  1.4  1.4  1.5  1.5  1.5  1.5  1.5  1.5  1.5  1.5  1.4  1.4  1.3  1.2  1.1  1.0  0.9  0.7  0.6  0.4  0.2  0.0  0.0  0.0  0.0  0.0  0.0  0.0  0.0  0.0  0.0  0.0  0.0  0.0  0.0  0.0  0.0  0.0  0.0  0.0  0.0  0.0  0.0  0.0  0.0  0.0  0.0  0.0  0.0  0.0  0.0  0.0  0.0  0.0  0.0  0.0  0.0  0.0  0.0  0.0  0.0  0.0
 47 |  0.0  0.0  0.0  0.0  0.0  0.0  0.0  0.0  0.0  0.0  0.0  0.0  0.0  0.0  0.0  0.0  0.0  0.0  0.2  0.4  0.6  0.8  0.9  1.0  1.2  1.3  1.4  1.4  1.5  1.6  1.6  1.6  1.6  1.7  1.7  1.6  1.6  1.6  1.5  1.5  1.4  1.3  1.2  1.1  1.0  0.9  0.7  0.5  0.3  0.0  0.0  0.0  0.0  0.0  0.0  0.0  0.0  0.0  0.0  0.0  0.0  0.0  0.0  0.0  0.0  0.0  0.0  0.0  0.0  0.0  0.0  0.0  0.0  0.0  0.0  0.0  0.0  0.0  0.0  0.0  0.0  0.0  0.0  0.0  0.0  0.0  0.0  0.0  0.0  0.0
 45 |  0.0  0.0  0.0  0.0  0.0  0.0  0.0  0.0  0.0  0.0  0.0  0.0  0.0  0.0  0.0  0.0  0.0  0.0  0.3  0.6  0.7  0.9  1.0  1.2  1.3  1.4  1.5  1.5  1.6  1.7  1.7  1.7  1.8  1.8  1.8  1.8  1.7  1.7  1.6  1.6  1.5  1.4  1.3  1.2  1.1  1.0  0.8  0.6  0.4  0.2  0.0  0.0  0.0  0.0  0.0  0.0  0.0  0.0  0.0  0.0  0.0  0.0  0.0  0.0  0.0  0.0  0.0  0.0  0.0  0.0  0.0  0.0  0.0  0.0  0.0  0.0  0.0  0.0  0.0  0.0  0.0  0.0  0.0  0.0  0.0  0.0  0.0  0.0  0.0  0.0
 43 |  0.0  0.0  0.0  0.0  0.0  0.0  0.0  0.0  0.0  0.0  0.0  0.0  0.0  0.0  0.0  0.0  0.0  0.2  0.4  0.7  0.8  1.0  1.2  1.3  1.4  1.5  1.6  1.7  1.7  1.8  1.8  1.9  1.9  1.9  1.9  1.9  1.9  1.8  1.8  1.7  1.6  1.5  1.4  1.3  1.2  1.1  0.9  0.8  0.6  0.3  0.0  0.0  0.0  0.0  0.0  0.0  0.0  0.0  0.0  0.0  0.0  0.0  0.0  0.0  0.0  0.0  0.0  0.0  0.0  0.0  0.0  0.0  0.0  0.0  0.0  0.0  0.0  0.0  0.0  0.0  0.0  0.0  0.0  0.0  0.0  0.0  0.0  0.0  0.0  0.0
 41 |  0.0  0.0  0.0  0.0  0.0  0.0  0.0  0.0  0.0  0.0  0.0  0.0  0.0  0.0  0.0  0.0  0.0  0.3  0.6  0.8  0.9  1.1  1.2  1.4  1.5  1.6  1.7  1.8  1.8  1.9  1.9  2.0  2.0  2.0  2.0  2.0  2.0  1.9  1.9  1.8  1.7  1.6  1.5  1.4  1.3  1.2  1.0  0.9  0.7  0.4  0.2  0.0  0.0  0.0  0.0  0.0  0.0  0.0  0.0  0.0  0.0  0.0  0.0  0.0  0.0  0.0  0.0  0.0  0.0  0.0  0.0  0.0  0.0  0.0  0.0  0.0  0.0  0.0  0.0  0.0  0.0  0.0  0.0  0.0  0.0  0.0  0.0  0.0  0.0  0.0
 39 |  0.0  0.0  0.0  0.0  0.0  0.0  0.0  0.0  0.0  0.0  0.0  0.0  0.0  0.0  0.0  0.0  0.1  0.4  0.7  0.9  1.0  1.2  1.4  1.5  1.6  1.7  1.8  1.9  1.9  2.0  2.1  2.1  2.1  2.1  2.1  2.1  2.1  2.0  2.0  1.9  1.8  1.7  1.6  1.5  1.4  1.3  1.1  1.0  0.8  0.6  0.3  0.0  0.0  0.0  0.0  0.0  0.0  0.0  0.0  0.0  0.0  0.0  0.0  0.0  0.0  0.0  0.0  0.0  0.0  0.0  0.0  0.0  0.0  0.0  0.0  0.0  0.0  0.0  0.0  0.0  0.0  0.0  0.0  0.0  0.0  0.0  0.0  0.0  0.0  0.0
 37 |  0.0  0.0  0.0  0.0  0.0  0.0  0.0  0.0  0.0  0.0  0.0  0.0  0.0  0.0  0.0  0.0  0.3  0.5  0.8  1.0  1.2  1.3  1.4  1.6  1.7  1.8  1.9  2.0  2.1  2.1  2.2  2.2  2.2  2.2  2.2  2.2  2.2  2.1  2.1  2.0  1.9  1.9  1.7  1.6  1.5  1.4  1.2  1.0  0.9  0.7  0.4  0.1  0.0  0.0  0.0  0.0  0.0  0.0  0.0  0.0  0.0  0.0  0.0  0.0  0.0  0.0  0.0  0.0  0.0  0.0  0.0  0.0  0.0  0.0  0.0  0.0  0.0  0.0  0.0  0.0  0.0  0.0  0.0  0.0  0.0  0.0  0.0  0.0  0.0  0.0
 35 |  0.0  0.0  0.0  0.0  0.0  0.0  0.0  0.0  0.0  0.0  0.0  0.0  0.0  0.0  0.0  0.0  0.4  0.6  0.9  1.0  1.2  1.4  1.5  1.7  1.8  1.9  2.0  2.1  2.1  2.2  2.3  2.3  2.3  2.3  2.3  2.3  2.3  2.2  2.2  2.1  2.0  1.9  1.8  1.7  1.6  1.5  1.3  1.2  1.0  0.7  0.5  0.2  0.0  0.0  0.0  0.0  0.0  0.0  0.0  0.0  0.0  0.0  0.0  0.0  0.0  0.0  0.0  0.0  0.0  0.0  0.0  0.0  0.0  0.0  0.0  0.0  0.0  0.0  0.0  0.0  0.0  0.0  0.0  0.0  0.0  0.0  0.0  0.0  0.0  0.0
 33 |  0.0  0.0  0.0  0.0  0.0  0.0  0.0  0.0  0.0  0.0  0.0  0.0  0.0  0.0  0.0  0.1  0.5  0.7  0.9  1.2  1.3  1.5  1.6  1.8  1.9  2.0  2.1  2.2  2.3  2.3  2.3  2.4  2.4  2.4  2.4  2.4  2.3  2.3  2.3  2.2  2.1  2.0  1.9  1.8  1.7  1.5  1.4  1.2  1.0  0.8  0.6  0.3  0.0  0.0  0.0  0.0  0.0  0.0  0.0  0.0  0.0  0.0  0.0  0.0  0.0  0.0  0.0  0.0  0.0  0.0  0.0  0.0  0.0  0.0  0.0  0.0  0.0  0.0  0.0  0.0  0.0  0.0  0.0  0.0  0.0  0.0  0.0  0.0  0.0  0.0
 31 |  0.0  0.0  0.0  0.0  0.0  0.0  0.0  0.0  0.0  0.0  0.0  0.0  0.0  0.0  0.0  0.3  0.6  0.8  1.0  1.2  1.4  1.6  1.7  1.9  2.0  2.1  2.2  2.3  2.3  2.4  2.4  2.4  2.4  2.4  2.4  2.4  2.4  2.4  2.3  2.3  2.2  2.1  2.0  1.9  1.8  1.6  1.5  1.3  1.1  0.9  0.7  0.4  0.0  0.0  0.0  0.0  0.0  0.0  0.0  0.0  0.0  0.0  0.0  0.0  0.0  0.0  0.0  0.0  0.0  0.0  0.0  0.0  0.0  0.0  0.0  0.0  0.0  0.0  0.0  0.0  0.0  0.0  0.0  0.0  0.0  0.0  0.0  0.0  0.0  0.0
 29 |  0.0  0.0  0.0  0.0  0.0  0.0  0.0  0.0  0.0  0.0  0.0  0.0  0.0  0.0  0.0  0.4  0.7  0.9  1.1  1.3  1.5  1.6  1.8  1.9  2.1  2.2  2.3  2.3  2.4  2.4  2.6  2.6  2.6  2.6  2.6  2.6  2.6  2.4  2.4  2.4  2.3  2.2  2.1  2.0  1.9  1.7  1.6  1.4  1.2  1.0  0.8  0.5  0.2  0.0  0.0  0.0  0.0  0.0  0.0  0.0  0.0  0.0  0.0  0.0  0.0  0.0  0.0  0.0  0.0  0.0  0.0  0.0  0.0  0.0  0.0  0.0  0.0  0.0  0.0  0.0  0.0  0.0  0.0  0.0  0.0  0.0  0.0  0.0  0.0  0.0
 27 |  0.0  0.0  0.0  0.0  0.0  0.0  0.0  0.0  0.0  0.0  0.0  0.0  0.0  0.0  0.1  0.5  0.7  1.0  1.2  1.4  1.6  1.7  1.9  2.0  2.1  2.3  2.3  2.4  2.4  2.6  2.6  2.7  2.7  2.7  2.7  2.7  2.6  2.6  2.6  2.4  2.4  2.3  2.2  2.1  1.9  1.8  1.6  1.5  1.3  1.1  0.9  0.6  0.3  0.0  0.0  0.0  0.0  0.0  0.0  0.0  0.0  0.0  0.0  0.0  0.0  0.0  0.0  0.0  0.0  0.0  0.0  0.0  0.0  0.0  0.0  0.0  0.0  0.0  0.0  0.0  0.0  0.0  0.0  0.0  0.0  0.0  0.0  0.0  0.0  0.0
 25 |  0.0  0.0  0.0  0.0  0.0  0.0  0.0  0.0  0.0  0.0  0.0  0.0  0.0  0.0  0.2  0.6  0.8  1.0  1.3  1.5  1.6  1.8  2.0  2.1  2.2  2.3  2.4  2.6  2.6  2.7  2.7  2.7  2.7  2.7  2.7  2.7  2.7  2.7  2.6  2.6  2.4  2.4  2.3  2.2  2.0  1.9  1.7  1.5  1.4  1.2  0.9  0.7  0.4  0.0  0.0  0.0  0.0  0.0  0.0  0.0  0.0  0.0  0.0  0.0  0.0  0.0  0.0  0.0  0.0  0.0  0.0  0.0  0.0  0.0  0.0  0.0  0.0  0.0  0.0  0.0  0.0  0.0  0.0  0.0  0.0  0.0  0.0  0.0  0.0  0.0
 23 |  0.0  0.0  0.0  0.0  0.0  0.0  0.0  0.0  0.0  0.0  0.0  0.0  0.0  0.0  0.3  0.6  0.9  1.1  1.3  1.5  1.7  1.9  2.0  2.2  2.3  2.4  2.4  2.6  2.7  2.7  2.8  2.8  2.8  2.8  2.8  2.8  2.8  2.7  2.7  2.6  2.6  2.4  2.3  2.3  2.1  2.0  1.8  1.6  1.4  1.2  1.0  0.8  0.5  0.1  0.0  0.0  0.0  0.0  0.0  0.0  0.0  0.0  0.0  0.0  0.0  0.0  0.0  0.0  0.0  0.0  0.0  0.0  0.0  0.0  0.0  0.0  0.0  0.0  0.0  0.0  0.0  0.0  0.0  0.0  0.0  0.0  0.0  0.0  0.0  0.0
 21 |  0.0  0.0  0.0  0.0  0.0  0.0  0.0  0.0  0.0  0.0  0.0  0.0  0.0  0.0  0.4  0.7  1.0  1.2  1.4  1.6  1.8  1.9  2.1  2.3  2.3  2.4  2.6  2.7  2.7  2.8  2.8  2.8  2.9  2.9  2.9  2.9  2.8  2.8  2.8  2.7  2.6  2.6  2.4  2.3  2.2  2.0  1.9  1.7  1.5  1.3  1.1  0.9  0.6  0.2  0.0  0.0  0.0  0.0  0.0  0.0  0.0  0.0  0.0  0.0  0.0  0.0  0.0  0.0  0.0  0.0  0.0  0.0  0.0  0.0  0.0  0.0  0.0  0.0  0.0  0.0  0.0  0.0  0.0  0.0  0.0  0.0  0.0  0.0  0.0  0.0
 19 |  0.0  0.0  0.0  0.0  0.0  0.0  0.0  0.0  0.0  0.0  0.0  0.0  0.0  0.1  0.5  0.8  1.0  1.3  1.5  1.7  1.9  2.0  2.2  2.3  2.4  2.6  2.7  2.7  2.8  2.8  2.9  2.9  2.9  2.9  2.9  2.9  2.9  2.9  2.8  2.8  2.7  2.6  2.4  2.4  2.3  2.1  1.9  1.8  1.6  1.4  1.2  0.9  0.7  0.3  0.0  0.0  0.0  0.0  0.0  0.0  0.0  0.0  0.0  0.0  0.0  0.0  0.0  0.0  0.0  0.0  0.0  0.0  0.0  0.0  0.0  0.0  0.0  0.0  0.0  0.0  0.0  0.0  0.0  0.0  0.0  0.0  0.0  0.0  0.0  0.0
 17 |  0.0  0.0  0.0  0.0  0.0  0.0  0.0  0.0  0.0  0.0  0.0  0.0  0.0  0.2  0.6  0.9  1.1  1.3  1.5  1.7  1.9  2.1  2.3  2.4  2.6  2.6  2.7  2.8  2.8  2.9  2.9  3.1  3.1  3.1  3.1  3.1  2.9  2.9  2.9  2.8  2.7  2.7  2.6  2.4  2.3  2.2  2.0  1.8  1.6  1.4  1.2  1.0  0.7  0.4  0.0  0.0  0.0  0.0  0.0  0.0  0.0  0.0  0.0  0.0  0.0  0.0  0.0  0.0  0.0  0.0  0.0  0.0  0.0  0.0  0.0  0.0  0.0  0.0  0.0  0.0  0.0  0.0  0.0  0.0  0.0  0.0  0.0  0.0  0.0  0.0
 15 |  0.0  0.0  0.0  0.0  0.0  0.0  0.0  0.0  0.0  0.0  0.0  0.0  0.0  0.3  0.7  0.9  1.2  1.4  1.6  1.8  2.0  2.2  2.3  2.4  2.6  2.7  2.8  2.8  2.9  2.9  3.1  3.1  3.1  3.1  3.1  3.1  3.1  3.1  2.9  2.9  2.8  2.7  2.6  2.6  2.4  2.3  2.1  1.9  1.7  1.5  1.3  1.1  0.8  0.5  0.1  0.0  0.0  0.0  0.0  0.0  0.0  0.0  0.0  0.0  0.0  0.0  0.0  0.0  0.0  0.0  0.0  0.0  0.0  0.0  0.0  0.0  0.0  0.0  0.0  0.0  0.0  0.0  0.0  0.0  0.0  0.0  0.0  0.0  0.0  0.0
 13 |  0.0  0.0  0.0  0.0  0.0  0.0  0.0  0.0  0.0  0.0  0.0  0.0  0.0  0.4  0.7  1.0  1.2  1.5  1.7  1.9  2.1  2.2  2.4  2.6  2.6  2.7  2.8  2.9  2.9  3.1  3.1  3.2  3.2  3.2  3.2  3.2  3.1  3.1  3.1  2.9  2.8  2.8  2.7  2.6  2.4  2.3  2.1  2.0  1.8  1.6  1.4  1.1  0.9  0.6  0.2  0.0  0.0  0.0  0.0  0.0  0.0  0.0  0.0  0.0  0.0  0.0  0.0  0.0  0.0  0.0  0.0  0.0  0.0  0.0  0.0  0.0  0.0  0.0  0.0  0.0  0.0  0.0  0.0  0.0  0.0  0.0  0.0  0.0  0.0  0.0
 11 |  0.0  0.0  0.0  0.0  0.0  0.0  0.0  0.0  0.0  0.0  0.0  0.0  0.1  0.5  0.8  1.1  1.3  1.5  1.7  1.9  2.1  2.3  2.4  2.6  2.7  2.8  2.9  2.9  3.1  3.1  3.2  3.2  3.2  3.2  3.2  3.2  3.2  3.2  3.1  3.1  2.9  2.8  2.7  2.6  2.4  2.3  2.2  2.0  1.8  1.6  1.4  1.2  0.9  0.7  0.3  0.0  0.0  0.0  0.0  0.0  0.0  0.0  0.0  0.0  0.0  0.0  0.0  0.0  0.0  0.0  0.0  0.0  0.0  0.0  0.0  0.0  0.0  0.0  0.0  0.0  0.0  0.0  0.0  0.0  0.0  0.0  0.0  0.0  0.0  0.0
  9 |  0.0  0.0  0.0  0.0  0.0  0.0  0.0  0.0  0.0  0.0  0.0  0.0  0.2  0.6  0.9  1.1  1.4  1.6  1.8  2.0  2.2  2.3  2.4  2.6  2.7  2.8  2.9  3.1  3.1  3.2  3.2  3.3  3.3  3.3  3.3  3.3  3.2  3.2  3.2  3.1  2.9  2.9  2.8  2.7  2.6  2.4  2.3  2.1  1.9  1.7  1.5  1.2  1.0  0.7  0.4  0.0  0.0  0.0  0.0  0.0  0.0  0.0  0.0  0.0  0.0  0.0  0.0  0.0  0.0  0.0  0.0  0.0  0.0  0.0  0.0  0.0  0.0  0.0  0.0  0.0  0.0  0.0  0.0  0.0  0.0  0.0  0.0  0.0  0.0  0.0
  7 |  0.0  0.0  0.0  0.0  0.0  0.0  0.0  0.0  0.0  0.0  0.0  0.0  0.3  0.6  0.9  1.2  1.4  1.6  1.9  2.0  2.2  2.4  2.6  2.7  2.8  2.9  2.9  3.1  3.2  3.2  3.3  3.3  3.3  3.3  3.3  3.3  3.3  3.3  3.2  3.2  3.1  2.9  2.8  2.7  2.6  2.4  2.3  2.1  1.9  1.8  1.5  1.3  1.1  0.8  0.5  0.0  0.0  0.0  0.0  0.0  0.0  0.0  0.0  0.0  0.0  0.0  0.0  0.0  0.0  0.0  0.0  0.0  0.0  0.0  0.0  0.0  0.0  0.0  0.0  0.0  0.0  0.0  0.0  0.0  0.0  0.0  0.0  0.0  0.0  0.0
  5 |  0.0  0.0  0.0  0.0  0.0  0.0  0.0  0.0  0.0  0.0  0.0  0.0  0.4  0.7  1.0  1.2  1.5  1.7  1.9  2.1  2.3  2.4  2.6  2.7  2.8  2.9  3.1  3.2  3.2  3.3  3.3  3.3  3.4  3.4  3.4  3.4  3.3  3.3  3.2  3.2  3.1  2.9  2.9  2.8  2.7  2.6  2.3  2.2  2.0  1.8  1.6  1.4  1.1  0.9  0.6  0.1  0.0  0.0  0.0  0.0  0.0  0.0  0.0  0.0  0.0  0.0  0.0  0.0  0.0  0.0  0.0  0.0  0.0  0.0  0.0  0.0  0.0  0.0  0.0  0.0  0.0  0.0  0.0  0.0  0.0  0.0  0.0  0.0  0.0  0.0
  3 |  0.0  0.0  0.0  0.0  0.0  0.0  0.0  0.0  0.0  0.0  0.0  0.0  0.4  0.8  1.0  1.3  1.5  1.8  2.0  2.2  2.3  2.4  2.6  2.8  2.9  2.9  3.1  3.2  3.3  3.3  3.4  3.4  3.4  3.4  3.4  3.4  3.4  3.3  3.3  3.2  3.2  3.1  2.9  2.8  2.7  2.6  2.4  2.3  2.1  1.9  1.6  1.4  1.2  0.9  0.6  0.3  0.0  0.0  0.0  0.0  0.0  0.0  0.0  0.0  0.0  0.0  0.0  0.0  0.0  0.0  0.0  0.0  0.0  0.0  0.0  0.0  0.0  0.0  0.0  0.0  0.0  0.0  0.0  0.0  0.0  0.0  0.0  0.0  0.0  0.0
  1 |  0.0  0.0  0.0  0.0  0.0  0.0  0.0  0.0  0.0  0.0  0.0  0.1  0.5  0.8  1.1  1.4  1.6  1.8  2.0  2.2  2.4  2.6  2.7  2.8  2.9  3.1  3.2  3.2  3.3  3.4  3.4  3.4  3.4  3.5  3.4  3.4  3.4  3.4  3.3  3.3  3.2  3.1  2.9  2.8  2.7  2.6  2.4  2.3  2.1  1.9  1.7  1.5  1.2  1.0  0.7  0.3  0.0  0.0  0.0  0.0  0.0  0.0  0.0  0.0  0.0  0.0  0.0  0.0  0.0  0.0  0.0  0.0  0.0  0.0  0.0  0.0  0.0  0.0  0.0  0.0  0.0  0.0  0.0  0.0  0.0  0.0  0.0  0.0  0.0  0.0
 -1 |  0.0  0.0  0.0  0.0  0.0  0.0  0.0  0.0  0.0  0.0  0.0  0.2  0.6  0.9  1.2  1.4  1.6  1.9  2.1  2.3  2.4  2.6  2.7  2.8  2.9  3.1  3.2  3.3  3.3  3.4  3.4  3.5  3.5  3.5  3.5  3.5  3.4  3.4  3.4  3.3  3.2  3.2  3.1  2.9  2.8  2.7  2.4  2.3  2.2  2.0  1.7  1.5  1.3  1.0  0.8  0.4  0.0  0.0  0.0  0.0  0.0  0.0  0.0  0.0  0.0  0.0  0.0  0.0  0.0  0.0  0.0  0.0  0.0  0.0  0.0  0.0  0.0  0.0  0.0  0.0  0.0  0.0  0.0  0.0  0.0  0.0  0.0  0.0  0.0  0.0
 -3 |  0.0  0.0  0.0  0.0  0.0  0.0  0.0  0.0  0.0  0.0  0.0  0.3  0.7  1.0  1.2  1.5  1.7  1.9  2.1  2.3  2.4  2.6  2.7  2.9  3.1  3.1  3.2  3.3  3.4  3.4  3.5  3.5  3.5  3.5  3.5  3.5  3.5  3.4  3.4  3.3  3.3  3.2  3.1  2.9  2.8  2.7  2.6  2.4  2.2  2.0  1.8  1.6  1.4  1.1  0.8  0.5  0.1  0.0  0.0  0.0  0.0  0.0  0.0  0.0  0.0  0.0  0.0  0.0  0.0  0.0  0.0  0.0  0.0  0.0  0.0  0.0  0.0  0.0  0.0  0.0  0.0  0.0  0.0  0.0  0.0  0.0  0.0  0.0  0.0  0.0
 -5 |  0.0  0.0  0.0  0.0  0.0  0.0  0.0  0.0  0.0  0.0  0.0  0.4  0.7  1.0  1.3  1.5  1.7  1.9  2.1  2.3  2.4  2.7  2.8  2.9  3.1  3.2  3.3  3.3  3.4  3.4  3.5  3.5  3.5  3.5  3.5  3.5  3.5  3.5  3.4  3.4  3.3  3.2  3.1  2.9  2.8  2.7  2.6  2.4  2.3  2.1  1.8  1.6  1.4  1.2  0.9  0.6  0.2  0.0  0.0  0.0  0.0  0.0  0.0  0.0  0.0  0.0  0.0  0.0  0.0  0.0  0.0  0.0  0.0  0.0  0.0  0.0  0.0  0.0  0.0  0.0  0.0  0.0  0.0  0.0  0.0  0.0  0.0  0.0  0.0  0.0
 -7 |  0.0  0.0  0.0  0.0  0.0  0.0  0.0  0.0  0.0  0.0  0.0  0.5  0.8  1.1  1.3  1.6  1.8  2.0  2.2  2.3  2.6  2.7  2.8  2.9  3.1  3.2  3.3  3.4  3.4  3.5  3.5  3.5  3.6  3.6  3.6  3.6  3.5  3.5  3.4  3.4  3.3  3.2  3.2  3.1  2.9  2.7  2.6  2.4  2.3  2.1  1.9  1.7  1.4  1.2  0.9  0.6  0.3  0.0  0.0  0.0  0.0  0.0  0.0  0.0  0.0  0.0  0.0  0.0  0.0  0.0  0.0  0.0  0.0  0.0  0.0  0.0  0.0  0.0  0.0  0.0  0.0  0.0  0.0  0.0  0.0  0.0  0.0  0.0  0.0  0.0
 -9 |  0.0  0.0  0.0  0.0  0.0  0.0  0.0  0.0  0.0  0.0  0.1  0.6  0.9  1.1  1.4  1.6  1.8  2.0  2.2  2.4  2.6  2.7  2.8  2.9  3.1  3.2  3.3  3.4  3.4  3.5  3.5  3.6  3.6  3.6  3.6  3.6  3.6  3.5  3.5  3.4  3.3  3.3  3.2  3.1  2.9  2.8  2.7  2.4  2.3  2.1  1.9  1.7  1.5  1.2  1.0  0.7  0.4  0.0  0.0  0.0  0.0  0.0  0.0  0.0  0.0  0.0  0.0  0.0  0.0  0.0  0.0  0.0  0.0  0.0  0.0  0.0  0.0  0.0  0.0  0.0  0.0  0.0  0.0  0.0  0.0  0.0  0.0  0.0  0.0  0.0
-11 |  0.0  0.0  0.0  0.0  0.0  0.0  0.0  0.0  0.0  0.0  0.3  0.6  0.9  1.2  1.4  1.6  1.9  2.1  2.3  2.4  2.6  2.7  2.9  3.1  3.2  3.2  3.3  3.4  3.5  3.5  3.6  3.6  3.6  3.6  3.6  3.6  3.6  3.5  3.5  3.4  3.4  3.3  3.2  3.1  2.9  2.8  2.7  2.6  2.3  2.2  2.0  1.8  1.5  1.3  1.0  0.8  0.4  0.0  0.0  0.0  0.0  0.0  0.0  0.0  0.0  0.0  0.0  0.0  0.0  0.0  0.0  0.0  0.0  0.0  0.0  0.0  0.0  0.0  0.0  0.0  0.0  0.0  0.0  0.0  0.0  0.0  0.0  0.0  0.0  0.0
-13 |  0.0  0.0  0.0  0.0  0.0  0.0  0.0  0.0  0.0  0.0  0.3  0.7  1.0  1.2  1.5  1.7  1.9  2.1  2.3  2.4  2.6  2.8  2.9  3.1  3.2  3.3  3.3  3.4  3.5  3.5  3.6  3.6  3.6  3.6  3.6  3.6  3.6  3.6  3.5  3.5  3.4  3.3  3.2  3.1  2.9  2.8  2.7  2.6  2.4  2.2  2.0  1.8  1.6  1.4  1.1  0.8  0.5  0.1  0.0  0.0  0.0  0.0  0.0  0.0  0.0  0.0  0.0  0.0  0.0  0.0  0.0  0.0  0.0  0.0  0.0  0.0  0.0  0.0  0.0  0.0  0.0  0.0  0.0  0.0  0.0  0.0  0.0  0.0  0.0  0.0
-15 |  0.0  0.0  0.0  0.0  0.0  0.0  0.0  0.0  0.0  0.0  0.4  0.7  1.0  1.3  1.5  1.7  1.9  2.1  2.3  2.4  2.7  2.8  2.9  3.1  3.2  3.3  3.4  3.4  3.5  3.5  3.6  3.6  3.6  3.6  3.6  3.6  3.6  3.6  3.5  3.5  3.4  3.3  3.2  3.1  2.9  2.8  2.7  2.6  2.4  2.3  2.0  1.8  1.6  1.4  1.2  0.9  0.6  0.2  0.0  0.0  0.0  0.0  0.0  0.0  0.0  0.0  0.0  0.0  0.0  0.0  0.0  0.0  0.0  0.0  0.0  0.0  0.0  0.0  0.0  0.0  0.0  0.0  0.0  0.0  0.0  0.0  0.0  0.0  0.0  0.0
-17 |  0.0  0.0  0.0  0.0  0.0  0.0  0.0  0.0  0.0  0.1  0.5  0.8  1.1  1.3  1.5  1.8  2.0  2.2  2.3  2.6  2.7  2.8  2.9  3.1  3.2  3.3  3.4  3.4  3.5  3.6  3.6  3.6  3.6  3.8  3.8  3.6  3.6  3.6  3.5  3.5  3.4  3.3  3.3  3.2  3.1  2.9  2.7  2.6  2.4  2.3  2.1  1.9  1.7  1.4  1.2  0.9  0.7  0.3  0.0  0.0  0.0  0.0  0.0  0.0  0.0  0.0  0.0  0.0  0.0  0.0  0.0  0.0  0.0  0.0  0.0  0.0  0.0  0.0  0.0  0.0  0.0  0.0  0.0  0.0  0.0  0.0  0.0  0.0  0.0  0.0
-19 |  0.0  0.0  0.0  0.0  0.0  0.0  0.0  0.0  0.0  0.2  0.6  0.9  1.1  1.4  1.6  1.8  2.0  2.2  2.4  2.6  2.7  2.8  2.9  3.1  3.2  3.3  3.4  3.5  3.5  3.6  3.6  3.6  3.8  3.8  3.8  3.6  3.6  3.6  3.5  3.5  3.4  3.4  3.3  3.2  3.1  2.9  2.8  2.6  2.4  2.3  2.1  1.9  1.7  1.5  1.2  1.0  0.7  0.4  0.0  0.0  0.0  0.0  0.0  0.0  0.0  0.0  0.0  0.0  0.0  0.0  0.0  0.0  0.0  0.0  0.0  0.0  0.0  0.0  0.0  0.0  0.0  0.0  0.0  0.0  0.0  0.0  0.0  0.0  0.0  0.0
-21 |  0.0  0.0  0.0  0.0  0.0  0.0  0.0  0.0  0.0  0.3  0.6  0.9  1.2  1.4  1.6  1.8  2.0  2.3  2.4  2.6  2.7  2.8  2.9  3.1  3.2  3.3  3.4  3.5  3.5  3.6  3.6  3.6  3.8  3.8  3.8  3.8  3.6  3.6  3.6  3.5  3.4  3.4  3.3  3.2  3.1  2.9  2.8  2.7  2.4  2.3  2.1  1.9  1.7  1.5  1.3  1.0  0.8  0.5  0.1  0.0  0.0  0.0  0.0  0.0  0.0  0.0  0.0  0.0  0.0  0.0  0.0  0.0  0.0  0.0  0.0  0.0  0.0  0.0  0.0  0.0  0.0  0.0  0.0  0.0  0.0  0.0  0.0  0.0  0.0  0.0
-23 |  0.0  0.0  0.0  0.0  0.0  0.0  0.0  0.0  0.0  0.4  0.7  1.0  1.2  1.4  1.7  1.9  2.1  2.3  2.4  2.6  2.7  2.8  2.9  3.1  3.2  3.3  3.4  3.5  3.5  3.6  3.6  3.6  3.8  3.8  3.8  3.8  3.6  3.6  3.6  3.5  3.4  3.4  3.3  3.2  3.1  2.9  2.8  2.7  2.6  2.3  2.2  2.0  1.8  1.6  1.3  1.1  0.9  0.6  0.2  0.0  0.0  0.0  0.0  0.0  0.0  0.0  0.0  0.0  0.0  0.0  0.0  0.0  0.0  0.0  0.0  0.0  0.0  0.0  0.0  0.0  0.0  0.0  0.0  0.0  0.0  0.0  0.0  0.0  0.0  0.0
-25 |  0.0  0.0  0.0  0.0  0.0  0.0  0.0  0.0  0.1  0.5  0.8  1.0  1.3  1.5  1.7  1.9  2.1  2.3  2.4  2.6  2.7  2.9  3.1  3.2  3.2  3.3  3.4  3.5  3.5  3.6  3.6  3.6  3.8  3.8  3.8  3.8  3.6  3.6  3.6  3.5  3.4  3.4  3.3  3.2  3.1  2.9  2.8  2.7  2.6  2.3  2.2  2.0  1.8  1.6  1.4  1.2  0.9  0.6  0.3  0.0  0.0  0.0  0.0  0.0  0.0  0.0  0.0  0.0  0.0  0.0  0.0  0.0  0.0  0.0  0.0  0.0  0.0  0.0  0.0  0.0  0.0  0.0  0.0  0.0  0.0  0.0  0.0  0.0  0.0  0.0
-27 |  0.0  0.0  0.0  0.0  0.0  0.0  0.0  0.0  0.2  0.6  0.8  1.1  1.3  1.5  1.7  1.9  2.1  2.3  2.4  2.6  2.8  2.9  3.1  3.2  3.2  3.3  3.4  3.5  3.5  3.6  3.6  3.6  3.8  3.8  3.8  3.8  3.6  3.6  3.6  3.5  3.4  3.4  3.3  3.2  3.1  2.9  2.8  2.7  2.6  2.4  2.2  2.0  1.8  1.6  1.4  1.2  1.0  0.7  0.4  0.0  0.0  0.0  0.0  0.0  0.0  0.0  0.0  0.0  0.0  0.0  0.0  0.0  0.0  0.0  0.0  0.0  0.0  0.0  0.0  0.0  0.0  0.0  0.0  0.0  0.0  0.0  0.0  0.0  0.0  0.0
-29 |  0.0  0.0  0.0  0.0  0.0  0.0  0.0  0.0  0.3  0.6  0.9  1.1  1.4  1.6  1.8  2.0  2.1  2.3  2.4  2.6  2.8  2.9  3.1  3.2  3.2  3.3  3.4  3.5  3.5  3.6  3.6  3.6  3.8  3.8  3.8  3.6  3.6  3.6  3.5  3.5  3.4  3.4  3.3  3.2  3.1  2.9  2.8  2.7  2.6  2.4  2.3  2.1  1.9  1.7  1.5  1.2  1.0  0.8  0.5  0.1  0.0  0.0  0.0  0.0  0.0  0.0  0.0  0.0  0.0  0.0  0.0  0.0  0.0  0.0  0.0  0.0  0.0  0.0  0.0  0.0  0.0  0.0  0.0  0.0  0.0  0.0  0.0  0.0  0.0  0.0
-31 |  0.0  0.0  0.0  0.0  0.0  0.0  0.0  0.0  0.4  0.7  0.9  1.2  1.4  1.6  1.8  2.0  2.2  2.3  2.4  2.7  2.8  2.9  3.1  3.2  3.2  3.3  3.4  3.5  3.5  3.6  3.6  3.6  3.6  3.6  3.6  3.6  3.6  3.6  3.5  3.5  3.4  3.4  3.3  3.2  3.1  2.9  2.8  2.7  2.6  2.4  2.3  2.1  1.9  1.7  1.5  1.3  1.1  0.8  0.6  0.2  0.0  0.0  0.0  0.0  0.0  0.0  0.0  0.0  0.0  0.0  0.0  0.0  0.0  0.0  0.0  0.0  0.0  0.0  0.0  0.0  0.0  0.0  0.0  0.0  0.0  0.0  0.0  0.0  0.0  0.0
-33 |  0.0  0.0  0.0  0.0  0.0  0.0  0.0  0.1  0.5  0.8  1.0  1.2  1.4  1.6  1.8  2.0  2.2  2.3  2.4  2.7  2.8  2.9  3.1  3.2  3.2  3.3  3.4  3.5  3.5  3.5  3.6  3.6  3.6  3.6  3.6  3.6  3.6  3.6  3.5  3.5  3.4  3.4  3.3  3.2  3.1  2.9  2.8  2.7  2.6  2.4  2.3  2.1  1.9  1.7  1.5  1.3  1.1  0.9  0.6  0.3  0.0  0.0  0.0  0.0  0.0  0.0  0.0  0.0  0.0  0.0  0.0  0.0  0.0  0.0  0.0  0.0  0.0  0.0  0.0  0.0  0.0  0.0  0.0  0.0  0.0  0.0  0.0  0.0  0.0  0.0
-35 |  0.0  0.0  0.0  0.0  0.0  0.0  0.0  0.3  0.6  0.8  1.0  1.3  1.5  1.7  1.9  2.0  2.2  2.3  2.6  2.7  2.8  2.9  3.1  3.2  3.2  3.3  3.4  3.4  3.5  3.5  3.6  3.6  3.6  3.6  3.6  3.6  3.6  3.6  3.5  3.5  3.4  3.3  3.3  3.2  3.1  2.9  2.8  2.7  2.6  2.4  2.3  2.1  1.9  1.8  1.6  1.4  1.2  0.9  0.7  0.4  0.1  0.0  0.0  0.0  0.0  0.0  0.0  0.0  0.0  0.0  0.0  0.0  0.0  0.0  0.0  0.0  0.0  0.0  0.0  0.0  0.0  0.0  0.0  0.0  0.0  0.0  0.0  0.0  0.0  0.0
-37 |  0.0  0.0  0.0  0.0  0.0  0.0  0.0  0.4  0.6  0.9  1.1  1.3  1.5  1.7  1.9  2.1  2.2  2.4  2.6  2.7  2.8  2.9  3.1  3.1  3.2  3.3  3.4  3.4  3.5  3.5  3.5  3.6  3.6  3.6  3.6  3.6  3.6  3.5  3.5  3.4  3.4  3.3  3.3  3.2  3.1  2.9  2.8  2.7  2.6  2.4  2.3  2.1  2.0  1.8  1.6  1.4  1.2  1.0  0.8  0.5  0.2  0.0  0.0  0.0  0.0  0.0  0.0  0.0  0.0  0.0  0.0  0.0  0.0  0.0  0.0  0.0  0.0  0.0  0.0  0.0  0.0  0.0  0.0  0.0  0.0  0.0  0.0  0.0  0.0  0.0
-39 |  0.0  0.0  0.0  0.0  0.0  0.0  0.1  0.5  0.7  0.9  1.2  1.4  1.5  1.7  1.9  2.1  2.2  2.4  2.6  2.7  2.8  2.9  2.9  3.1  3.2  3.3  3.3  3.4  3.5  3.5  3.5  3.6  3.6  3.6  3.6  3.6  3.5  3.5  3.5  3.4  3.4  3.3  3.2  3.2  3.1  2.9  2.8  2.7  2.6  2.4  2.3  2.1  2.0  1.8  1.6  1.4  1.2  1.0  0.8  0.6  0.3  0.0  0.0  0.0  0.0  0.0  0.0  0.0  0.0  0.0  0.0  0.0  0.0  0.0  0.0  0.0  0.0  0.0  0.0  0.0  0.0  0.0  0.0  0.0  0.0  0.0  0.0  0.0  0.0  0.0
-41 |  0.0  0.0  0.0  0.0  0.0  0.0  0.3  0.6  0.8  1.0  1.2  1.4  1.6  1.7  1.9  2.1  2.3  2.4  2.6  2.7  2.8  2.9  2.9  3.1  3.2  3.3  3.3  3.4  3.4  3.5  3.5  3.5  3.5  3.5  3.5  3.5  3.5  3.5  3.5  3.4  3.4  3.3  3.2  3.2  3.1  2.9  2.8  2.7  2.6  2.4  2.3  2.2  2.0  1.8  1.7  1.5  1.3  1.1  0.9  0.7  0.4  0.1  0.0  0.0  0.0  0.0  0.0  0.0  0.0  0.0  0.0  0.0  0.0  0.0  0.0  0.0  0.0  0.0  0.0  0.0  0.0  0.0  0.0  0.0  0.0  0.0  0.0  0.0  0.0  0.0
-43 |  0.0  0.0  0.0  0.0  0.0  0.1  0.4  0.6  0.9  1.0  1.2  1.4  1.6  1.8  1.9  2.1  2.3  2.4  2.6  2.7  2.8  2.8  2.9  3.1  3.2  3.2  3.3  3.4  3.4  3.4  3.5  3.5  3.5  3.5  3.5  3.5  3.5  3.5  3.4  3.4  3.3  3.3  3.2  3.1  3.1  2.9  2.8  2.7  2.6  2.4  2.3  2.2  2.0  1.9  1.7  1.5  1.3  1.2  0.9  0.7  0.5  0.2  0.0  0.0  0.0  0.0  0.0  0.0  0.0  0.0  0.0  0.0  0.0  0.0  0.0  0.0  0.0  0.0  0.0  0.0  0.0  0.0  0.0  0.0  0.0  0.0  0.0  0.0  0.0  0.0
-45 |  0.0  0.0  0.0  0.0  0.0  0.2  0.5  0.7  0.9  1.1  1.3  1.5  1.6  1.8  1.9  2.1  2.3  2.4  2.6  2.7  2.7  2.8  2.9  3.1  3.2  3.2  3.3  3.3  3.4  3.4  3.4  3.5  3.5  3.5  3.5  3.5  3.5  3.4  3.4  3.4  3.3  3.3  3.2  3.1  3.1  2.9  2.8  2.7  2.6  2.4  2.3  2.2  2.0  1.9  1.7  1.5  1.4  1.2  1.0  0.8  0.6  0.4  0.0  0.0  0.0  0.0  0.0  0.0  0.0  0.0  0.0  0.0  0.0  0.0  0.0  0.0  0.0  0.0  0.0  0.0  0.0  0.0  0.0  0.0  0.0  0.0  0.0  0.0  0.0  0.0
-47 |  0.0  0.0  0.0  0.0  0.0  0.3  0.6  0.8  1.0  1.2  1.3  1.5  1.7  1.8  2.0  2.1  2.3  2.4  2.6  2.6  2.7  2.8  2.9  3.1  3.1  3.2  3.3  3.3  3.3  3.4  3.4  3.4  3.4  3.5  3.5  3.4  3.4  3.4  3.4  3.3  3.3  3.2  3.2  3.1  2.9  2.9  2.8  2.7  2.6  2.4  2.3  2.2  2.0  1.9  1.7  1.6  1.4  1.2  1.1  0.9  0.7  0.5  0.2  0.0  0.0  0.0  0.0  0.0  0.0  0.0  0.0  0.0  0.0  0.0  0.0  0.0  0.0  0.0  0.0  0.0  0.0  0.0  0.0  0.0  0.0  0.0  0.0  0.0  0.0  0.0
-49 |  0.0  0.0  0.0  0.0  0.2  0.5  0.7  0.9  1.0  1.2  1.4  1.5  1.7  1.8  2.0  2.1  2.3  2.4  2.6  2.6  2.7  2.8  2.9  2.9  3.1  3.2  3.2  3.3  3.3  3.4  3.4  3.4  3.4  3.4  3.4  3.4  3.4  3.4  3.3  3.3  3.3  3.2  3.1  3.1  2.9  2.8  2.8  2.7  2.6  2.4  2.3  2.2  2.1  1.9  1.8  1.6  1.4  1.3  1.1  0.9  0.8  0.6  0.3  0.0  0.0  0.0  0.0  0.0  0.0  0.0  0.0  0.0  0.0  0.0  0.0  0.0  0.0  0.0  0.0  0.0  0.0  0.0  0.0  0.0  0.0  0.0  0.0  0.0  0.0  0.0
-51 |  0.0  0.0  0.0  0.1  0.3  0.6  0.7  0.9  1.1  1.2  1.4  1.6  1.7  1.9  2.0  2.1  2.3  2.4  2.4  2.6  2.7  2.8  2.9  2.9  3.1  3.1  3.2  3.2  3.3  3.3  3.3  3.4  3.4  3.4  3.4  3.4  3.4  3.3  3.3  3.3  3.2  3.2  3.1  3.1  2.9  2.8  2.7  2.7  2.6  2.4  2.3  2.2  2.1  1.9  1.8  1.6  1.5  1.3  1.2  1.0  0.8  0.6  0.4  0.2  0.0  0.0  0.0  0.0  0.0  0.0  0.0  0.0  0.0  0.0  0.0  0.0  0.0  0.0  0.0  0.0  0.0  0.0  0.0  0.0  0.0  0.0  0.0  0.0  0.0  0.0
-53 |  0.0  0.0  0.0  0.3  0.5  0.6  0.8  1.0  1.2  1.3  1.4  1.6  1.7  1.9  2.0  2.1  2.3  2.4  2.4  2.6  2.7  2.8  2.8  2.9  3.1  3.1  3.2  3.2  3.2  3.3  3.3  3.3  3.3  3.3  3.3  3.3  3.3  3.3  3.3  3.2  3.2  3.1  3.1  2.9  2.9  2.8  2.7  2.7  2.6  2.4  2.3  2.2  2.1  1.9  1.8  1.7  1.5  1.4  1.2  1.1  0.9  0.7  0.6  0.4  0.1  0.0  0.0  0.0  0.0  0.0  0.0  0.0  0.0  0.0  0.0  0.0  0.0  0.0  0.0  0.0  0.0  0.0  0.0  0.0  0.0  0.0  0.0  0.0  0.0  0.0
-55 |  0.0  0.0  0.2  0.4  0.6  0.7  0.9  1.0  1.2  1.3  1.5  1.6  1.8  1.9  2.0  2.1  2.3  2.3  2.4  2.6  2.7  2.7  2.8  2.9  2.9  3.1  3.1  3.2  3.2  3.2  3.3  3.3  3.3  3.3  3.3  3.3  3.3  3.2  3.2  3.2  3.1  3.1  3.1  2.9  2.8  2.8  2.7  2.6  2.6  2.4  2.3  2.2  2.1  1.9  1.8  1.7  1.5  1.4  1.3  1.1  1.0  0.8  0.7  0.5  0.3  0.1  0.0  0.0  0.0  0.0  0.0  0.0  0.0  0.0  0.0  0.0  0.0  0.0  0.0  0.0  0.0  0.0  0.0  0.0  0.0  0.0  0.0  0.0  0.0  0.0
-57 |  0.0  0.1  0.3  0.5  0.7  0.8  1.0  1.1  1.2  1.4  1.5  1.6  1.8  1.9  2.0  2.1  2.3  2.3  2.4  2.6  2.7  2.7  2.8  2.8  2.9  2.9  3.1  3.1  3.2  3.2  3.2  3.2  3.2  3.2  3.2  3.2  3.2  3.2  3.2  3.1  3.1  3.1  2.9  2.9  2.8  2.7  2.7  2.6  2.4  2.4  2.3  2.2  2.1  2.0  1.8  1.7  1.6  1.4  1.3  1.2  1.0  0.9  0.7  0.6  0.4  0.2  0.0  0.0  0.0  0.0  0.0  0.0  0.0  0.0  0.0  0.0  0.0  0.0  0.0  0.0  0.0  0.0  0.0  0.0  0.0  0.0  0.0  0.0  0.0  0.0
-59 |  0.1  0.3  0.5  0.6  0.8  0.9  1.0  1.2  1.3  1.4  1.5  1.7  1.8  1.9  2.0  2.1  2.3  2.3  2.4  2.6  2.6  2.7  2.8  2.8  2.9  2.9  2.9  3.1  3.1  3.1  3.2  3.2  3.2  3.2  3.2  3.2  3.2  3.2  3.1  3.1  3.1  2.9  2.9  2.8  2.8  2.7  2.7  2.6  2.4  2.4  2.3  2.2  2.1  2.0  1.9  1.7  1.6  1.5  1.4  1.2  1.1  1.0  0.8  0.7  0.6  0.4  0.2  0.0  0.0  0.0  0.0  0.0  0.0  0.0  0.0  0.0  0.0  0.0  0.0  0.0  0.0  0.0  0.0  0.0  0.0  0.0  0.0  0.0  0.0  0.0
-61 |  0.3  0.5  0.6  0.7  0.9  1.0  1.1  1.2  1.3  1.5  1.6  1.7  1.8  1.9  2.0  2.1  2.2  2.3  2.4  2.4  2.6  2.7  2.7  2.8  2.8  2.9  2.9  2.9  3.1  3.1  3.1  3.1  3.1  3.1  3.1  3.1  3.1  3.1  3.1  3.1  2.9  2.9  2.8  2.8  2.7  2.7  2.6  2.6  2.4  2.3  2.3  2.2  2.1  2.0  1.9  1.7  1.6  1.5  1.4  1.3  1.2  1.0  0.9  0.8  0.7  0.5  0.4  0.2  0.1  0.0  0.0  0.0  0.0  0.0  0.0  0.0  0.0  0.0  0.0  0.0  0.0  0.0  0.0  0.0  0.0  0.0  0.0  0.0  0.0  0.2
-63 |  0.5  0.6  0.7  0.8  0.9  1.0  1.2  1.3  1.4  1.5  1.6  1.7  1.8  1.9  2.0  2.1  2.2  2.3  2.4  2.4  2.6  2.6  2.7  2.7  2.8  2.8  2.9  2.9  2.9  2.9  3.1  3.1  3.1  3.1  3.1  3.1  3.1  3.1  2.9  2.9  2.9  2.8  2.8  2.8  2.7  2.7  2.6  2.6  2.4  2.3  2.3  2.2  2.1  2.0  1.9  1.8  1.7  1.5  1.4  1.3  1.2  1.1  1.0  0.9  0.8  0.7  0.5  0.4  0.3  0.2  0.0  0.0  0.0  0.0  0.0  0.0  0.0  0.0  0.0  0.0  0.0  0.0  0.0  0.0  0.0  0.0  0.0  0.1  0.2  0.4
-65 |  0.6  0.7  0.8  0.9  1.0  1.1  1.2  1.3  1.4  1.5  1.6  1.7  1.8  1.9  2.0  2.1  2.2  2.3  2.3  2.4  2.6  2.6  2.7  2.7  2.7  2.8  2.8  2.8  2.9  2.9  2.9  2.9  2.9  2.9  2.9  2.9  2.9  2.9  2.9  2.9  2.8  2.8  2.8  2.7  2.7  2.6  2.6  2.4  2.4  2.3  2.3  2.2  2.1  2.0  1.9  1.8  1.7  1.6  1.5  1.4  1.3  1.2  1.1  1.0  0.9  0.8  0.7  0.6  0.5  0.4  0.3  0.2  0.0  0.0  0.0  0.0  0.0  0.0  0.0  0.0  0.0  0.0  0.0  0.0  0.0  0.1  0.2  0.3  0.4  0.5
-67 |  0.7  0.8  0.9  1.0  1.1  1.2  1.3  1.4  1.5  1.6  1.7  1.8  1.8  1.9  2.0  2.1  2.2  2.3  2.3  2.4  2.4  2.6  2.6  2.7  2.7  2.7  2.8  2.8  2.8  2.8  2.8  2.9  2.9  2.9  2.9  2.9  2.9  2.8  2.8  2.8  2.8  2.7  2.7  2.7  2.6  2.6  2.4  2.4  2.3  2.3  2.2  2.1  2.1  2.0  1.9  1.8  1.7  1.6  1.5  1.4  1.3  1.2  1.2  1.0  1.0  0.9  0.8  0.7  0.6  0.5  0.4  0.4  0.3  0.2  0.2  0.1  0.1  0.0  0.0  0.0  0.1  0.1  0.1  0.2  0.3  0.3  0.4  0.5  0.6  0.7
-69 |  0.9  0.9  1.0  1.1  1.2  1.3  1.4  1.4  1.5  1.6  1.7  1.8  1.9  1.9  2.0  2.1  2.2  2.3  2.3  2.3  2.4  2.4  2.6  2.6  2.6  2.7  2.7  2.7  2.8  2.8  2.8  2.8  2.8  2.8  2.8  2.8  2.8  2.8  2.8  2.7  2.7  2.7  2.7  2.6  2.6  2.6  2.4  2.4  2.3  2.3  2.2  2.1  2.1  2.0  1.9  1.8  1.7  1.6  1.6  1.5  1.4  1.3  1.2  1.1  1.0  1.0  0.9  0.8  0.7  0.7  0.6  0.6  0.5  0.4  0.4  0.4  0.3  0.3  0.3  0.3  0.3  0.3  0.4  0.4  0.5  0.5  0.6  0.6  0.7  0.8
-71 |  1.0  1.0  1.1  1.2  1.2  1.3  1.4  1.5  1.6  1.6  1.7  1.8  1.9  1.9  2.0  2.1  2.1  2.2  2.3  2.3  2.4  2.4  2.4  2.6  2.6  2.6  2.7  2.7  2.7  2.7  2.7  2.7  2.7  2.7  2.7  2.7  2.7  2.7  2.7  2.7  2.7  2.6  2.6  2.6  2.6  2.4  2.4  2.3  2.3  2.3  2.2  2.1  2.0  2.0  1.9  1.8  1.7  1.7  1.6  1.5  1.4  1.4  1.3  1.2  1.2  1.1  1.0  0.9  0.9  0.8  0.8  0.7  0.7  0.6  0.6  0.6  0.5  0.5  0.5  0.5  0.5  0.6  0.6  0.6  0.6  0.7  0.7  0.8  0.8  0.9
-73 |  1.1  1.1  1.2  1.3  1.3  1.4  1.5  1.5  1.6  1.7  1.7  1.8  1.9  1.9  2.0  2.1  2.1  2.2  2.3  2.3  2.3  2.4  2.4  2.4  2.6  2.6  2.6  2.6  2.6  2.7  2.7  2.7  2.7  2.7  2.7  2.7  2.7  2.7  2.6  2.6  2.6  2.6  2.6  2.4  2.4  2.4  2.3  2.3  2.3  2.2  2.1  2.1  2.0  2.0  1.9  1.8  1.8  1.7  1.6  1.6  1.5  1.4  1.4  1.3  1.2  1.2  1.1  1.0  1.0  0.9  0.9  0.9  0.8  0.8  0.7  0.7  0.7  0.7  0.7  0.7  0.7  0.7  0.7  0.8  0.8  0.8  0.9  0.9  1.0  1.0
-75 |  1.2  1.2  1.3  1.3  1.4  1.4  1.5  1.6  1.6  1.7  1.7  1.8  1.9  1.9  2.0  2.0  2.1  2.1  2.2  2.3  2.3  2.3  2.4  2.4  2.4  2.4  2.4  2.6  2.6  2.6  2.6  2.6  2.6  2.6  2.6  2.6  2.6  2.6  2.6  2.6  2.6  2.4  2.4  2.4  2.4  2.3  2.3  2.3  2.2  2.2  2.1  2.1  2.0  2.0  1.9  1.8  1.8  1.7  1.7  1.6  1.5  1.5  1.4  1.4  1.3  1.3  1.2  1.2  1.1  1.1  1.0  1.0  0.9  0.9  0.9  0.9  0.9  0.9  0.9  0.9  0.9  0.9  0.9  0.9  0.9  1.0  1.0  1.0  1.1  1.1
-77 |  1.3  1.3  1.4  1.4  1.5  1.5  1.6  1.6  1.7  1.7  1.8  1.8  1.9  1.9  2.0  2.0  2.1  2.1  2.2  2.2  2.3  2.3  2.3  2.3  2.4  2.4  2.4  2.4  2.4  2.4  2.4  2.4  2.6  2.6  2.6  2.4  2.4  2.4  2.4  2.4  2.4  2.4  2.4  2.3  2.3  2.3  2.3  2.2  2.2  2.1  2.1  2.0  2.0  1.9  1.9  1.8  1.8  1.7  1.7  1.6  1.6  1.5  1.5  1.4  1.4  1.3  1.3  1.3  1.2  1.2  1.2  1.1  1.1  1.1  1.0  1.0  1.0  1.0  1.0  1.0  1.0  1.0  1.0  1.0  1.1  1.1  1.1  1.2  1.2  1.2
-79 |  1.4  1.4  1.4  1.5  1.5  1.6  1.6  1.6  1.7  1.7  1.8  1.8  1.9  1.9  2.0  2.0  2.0  2.1  2.1  2.2  2.2  2.2  2.3  2.3  2.3  2.3  2.3  2.3  2.4  2.4  2.4  2.4  2.4  2.4  2.4  2.4  2.4  2.4  2.4  2.4  2.3  2.3  2.3  2.3  2.3  2.3  2.2  2.2  2.1  2.1  2.1  2.0  2.0  1.9  1.9  1.9  1.8  1.8  1.7  1.7  1.6  1.6  1.5  1.5  1.5  1.4  1.4  1.4  1.3  1.3  1.3  1.2  1.2  1.2  1.2  1.2  1.2  1.2  1.2  1.2  1.2  1.2  1.2  1.2  1.2  1.2  1.2  1.3  1.3  1.3
-81 |  1.5  1.5  1.5  1.5  1.6  1.6  1.7  1.7  1.7  1.8  1.8  1.8  1.9  1.9  1.9  2.0  2.0  2.0  2.1  2.1  2.1  2.2  2.2  2.2  2.2  2.3  2.3  2.3  2.3  2.3  2.3  2.3  2.3  2.3  2.3  2.3  2.3  2.3  2.3  2.3  2.3  2.3  2.3  2.2  2.2  2.2  2.1  2.1  2.1  2.1  2.0  2.0  2.0  1.9  1.9  1.9  1.8  1.8  1.7  1.7  1.7  1.6  1.6  1.6  1.5  1.5  1.5  1.4  1.4  1.4  1.4  1.4  1.3  1.3  1.3  1.3  1.3  1.3  1.3  1.3  1.3  1.3  1.3  1.3  1.3  1.4  1.4  1.4  1.4  1.4
-83 |  1.5  1.6  1.6  1.6  1.6  1.7  1.7  1.7  1.8  1.8  1.8  1.8  1.9  1.9  1.9  1.9  2.0  2.0  2.0  2.1  2.1  2.1  2.1  2.1  2.1  2.2  2.2  2.2  2.2  2.2  2.2  2.2  2.2  2.2  2.2  2.2  2.2  2.2  2.2  2.2  2.2  2.2  2.2  2.1  2.1  2.1  2.1  2.1  2.0  2.0  2.0  2.0  1.9  1.9  1.9  1.9  1.8  1.8  1.8  1.7  1.7  1.7  1.7  1.6  1.6  1.6  1.6  1.5  1.5  1.5  1.5  1.5  1.5  1.4  1.4  1.4  1.4  1.4  1.4  1.4  1.4  1.4  1.4  1.4  1.4  1.5  1.5  1.5  1.5  1.5
-85 |  1.6  1.6  1.7  1.7  1.7  1.7  1.7  1.8  1.8  1.8  1.8  1.8  1.9  1.9  1.9  1.9  1.9  2.0  2.0  2.0  2.0  2.0  2.0  2.1  2.1  2.1  2.1  2.1  2.1  2.1  2.1  2.1  2.1  2.1  2.1  2.1  2.1  2.1  2.1  2.1  2.1  2.1  2.1  2.1  2.0  2.0  2.0  2.0  2.0  2.0  1.9  1.9  1.9  1.9  1.9  1.9  1.8  1.8  1.8  1.8  1.8  1.7  1.7  1.7  1.7  1.7  1.6  1.6  1.6  1.6  1.6  1.6  1.6  1.6  1.6  1.5  1.5  1.5  1.5  1.5  1.5  1.5  1.5  1.6  1.6  1.6  1.6  1.6  1.6  1.6
-87 |  1.7  1.7  1.7  1.7  1.8  1.8  1.8  1.8  1.8  1.8  1.8  1.8  1.9  1.9  1.9  1.9  1.9  1.9  1.9  1.9  1.9  1.9  2.0  2.0  2.0  2.0  2.0  2.0  2.0  2.0  2.0  2.0  2.0  2.0  2.0  2.0  2.0  2.0  2.0  2.0  2.0  2.0  2.0  2.0  2.0  2.0  1.9  1.9  1.9  1.9  1.9  1.9  1.9  1.9  1.9  1.9  1.8  1.8  1.8  1.8  1.8  1.8  1.8  1.8  1.7  1.7  1.7  1.7  1.7  1.7  1.7  1.7  1.7  1.7  1.7  1.7  1.7  1.7  1.7  1.7  1.7  1.7  1.7  1.7  1.7  1.7  1.7  1.7  1.7  1.7
-89 |  1.8  1.8  1.8  1.8  1.8  1.8  1.8  1.8  1.8  1.8  1.8  1.8  1.8  1.9  1.9  1.9  1.9  1.9  1.9  1.9  1.9  1.9  1.9  1.9  1.9  1.9  1.9  1.9  1.9  1.9  1.9  1.9  1.9  1.9  1.9  1.9  1.9  1.9  1.9  1.9  1.9  1.9  1.9  1.9  1.9  1.9  1.9  1.9  1.9  1.9  1.9  1.9  1.9  1.9  1.9  1.8  1.8  1.8  1.8  1.8  1.8  1.8  1.8  1.8  1.8  1.8  1.8  1.8  1.8  1.8  1.8  1.8  1.8  1.8  1.8  1.8  1.8  1.8  1.8  1.8  1.8  1.8  1.8  1.8  1.8  1.8  1.8  1.8  1.8  1.8
