# DRAP Tabular Values
# Product: D-Region Absorption         S:\DRAP Archive\SWX_DRAP20_C_SWPC_20150401220000_GLOBAL.txt
# Product Valid At : 2015-04-01 22:00 UTC
#
# Prepared by the U.S. Dept. of Commerce, NOAA, Space Weather Prediction Center.
# Please send comments and suggestions to SWPC.Webmaster@noaa.gov
#
# Estimated Recovery Time : No Estimate
#
#  X-RAY Message : Normal X-ray Background
#
#  X-RAY Warning :  
#
#  Proton Message : Normal Proton Background
#
#  Proton Warning : 
#
# Frequency (MHz) as a function of Latitude and Longitude
#
      -178 -174 -170 -166 -162 -158 -154 -150 -146 -142 -138 -134 -130 -126 -122 -118 -114 -110 -106 -102  -98  -94  -90  -86  -82  -78  -74  -70  -66  -62  -58  -54  -50  -46  -42  -38  -34  -30  -26  -22  -18  -14  -10   -6   -2    2    6   10   14   18   22   26   30   34   38   42   46   50   54   58   62   66   70   74   78   82   86   90   94   98  102  106  110  114  118  122  126  130  134  138  142  146  150  154  158  162  166  170  174  178
------------------------------------------------------------------------------------------------------------------------------------------------------------------------------------------------------------------------------------------------------------------------------------------------------------------------------------------------------------------------------------------------------------------------------------------------------------------------
 89 |  0.3  0.3  0.3  0.3  0.3  0.3  0.3  0.3  0.3  0.3  0.3  0.3  0.3  0.3  0.3  0.3  0.3  0.3  0.3  0.3  0.3  0.3  0.3  0.3  0.3  0.3  0.3  0.3  0.3  0.3  0.3  0.3  0.3  0.3  0.3  0.3  0.2  0.2  0.2  0.2  0.2  0.2  0.2  0.2  0.2  0.2  0.2  0.2  0.2  0.2  0.2  0.2  0.2  0.2  0.2  0.2  0.2  0.2  0.2  0.2  0.2  0.2  0.2  0.2  0.2  0.2  0.2  0.2  0.2  0.3  0.3  0.3  0.3  0.3  0.3  0.3  0.3  0.3  0.3  0.3  0.3  0.3  0.3  0.3  0.3  0.3  0.3  0.3  0.3  0.3
 87 |  0.4  0.4  0.4  0.4  0.4  0.4  0.4  0.4  0.4  0.4  0.4  0.4  0.4  0.4  0.4  0.4  0.4  0.4  0.4  0.4  0.4  0.3  0.3  0.3  0.3  0.3  0.3  0.3  0.3  0.3  0.3  0.3  0.2  0.2  0.2  0.2  0.2  0.2  0.2  0.2  0.2  0.2  0.2  0.1  0.1  0.1  0.1  0.1  0.1  0.1  0.1  0.1  0.1  0.1  0.1  0.1  0.1  0.1  0.1  0.1  0.1  0.1  0.2  0.2  0.2  0.2  0.2  0.2  0.2  0.2  0.2  0.2  0.2  0.3  0.3  0.3  0.3  0.3  0.3  0.3  0.3  0.3  0.3  0.3  0.4  0.4  0.4  0.4  0.4  0.4
 85 |  0.5  0.5  0.5  0.5  0.5  0.5  0.5  0.5  0.5  0.5  0.5  0.5  0.5  0.5  0.5  0.5  0.4  0.4  0.4  0.4  0.4  0.4  0.4  0.4  0.4  0.3  0.3  0.3  0.3  0.3  0.3  0.2  0.2  0.2  0.2  0.2  0.2  0.1  0.1  0.1  0.1  0.1  0.0  0.0  0.0  0.0  0.0  0.0  0.0  0.0  0.0  0.0  0.0  0.0  0.0  0.0  0.0  0.0  0.0  0.0  0.0  0.0  0.0  0.1  0.1  0.1  0.1  0.1  0.2  0.2  0.2  0.2  0.2  0.2  0.3  0.3  0.3  0.3  0.3  0.3  0.4  0.4  0.4  0.4  0.4  0.4  0.4  0.4  0.4  0.5
 83 |  0.5  0.5  0.6  0.6  0.6  0.6  0.6  0.6  0.6  0.6  0.6  0.6  0.6  0.5  0.5  0.5  0.5  0.5  0.5  0.5  0.5  0.4  0.4  0.4  0.4  0.4  0.3  0.3  0.3  0.3  0.3  0.2  0.2  0.2  0.2  0.1  0.1  0.1  0.0  0.0  0.0  0.0  0.0  0.0  0.0  0.0  0.0  0.0  0.0  0.0  0.0  0.0  0.0  0.0  0.0  0.0  0.0  0.0  0.0  0.0  0.0  0.0  0.0  0.0  0.0  0.0  0.0  0.1  0.1  0.1  0.2  0.2  0.2  0.2  0.3  0.3  0.3  0.3  0.3  0.4  0.4  0.4  0.4  0.4  0.5  0.5  0.5  0.5  0.5  0.5
 81 |  0.6  0.6  0.6  0.6  0.6  0.6  0.6  0.6  0.6  0.6  0.6  0.6  0.6  0.6  0.6  0.6  0.6  0.6  0.5  0.5  0.5  0.5  0.5  0.4  0.4  0.4  0.4  0.3  0.3  0.3  0.3  0.2  0.2  0.2  0.1  0.1  0.0  0.0  0.0  0.0  0.0  0.0  0.0  0.0  0.0  0.0  0.0  0.0  0.0  0.0  0.0  0.0  0.0  0.0  0.0  0.0  0.0  0.0  0.0  0.0  0.0  0.0  0.0  0.0  0.0  0.0  0.0  0.0  0.0  0.1  0.1  0.2  0.2  0.2  0.3  0.3  0.3  0.3  0.4  0.4  0.4  0.4  0.5  0.5  0.5  0.5  0.5  0.6  0.6  0.6
 79 |  0.7  0.7  0.7  0.7  0.7  0.7  0.7  0.7  0.7  0.7  0.7  0.7  0.7  0.7  0.7  0.6  0.6  0.6  0.6  0.6  0.6  0.5  0.5  0.5  0.4  0.4  0.4  0.4  0.3  0.3  0.2  0.2  0.2  0.1  0.1  0.0  0.0  0.0  0.0  0.0  0.0  0.0  0.0  0.0  0.0  0.0  0.0  0.0  0.0  0.0  0.0  0.0  0.0  0.0  0.0  0.0  0.0  0.0  0.0  0.0  0.0  0.0  0.0  0.0  0.0  0.0  0.0  0.0  0.0  0.0  0.1  0.1  0.2  0.2  0.2  0.3  0.3  0.4  0.4  0.4  0.4  0.5  0.5  0.5  0.6  0.6  0.6  0.6  0.6  0.6
 77 |  0.7  0.7  0.7  0.7  0.8  0.8  0.8  0.8  0.8  0.8  0.8  0.7  0.7  0.7  0.7  0.7  0.7  0.7  0.6  0.6  0.6  0.6  0.5  0.5  0.5  0.4  0.4  0.4  0.3  0.3  0.2  0.2  0.1  0.1  0.0  0.0  0.0  0.0  0.0  0.0  0.0  0.0  0.0  0.0  0.0  0.0  0.0  0.0  0.0  0.0  0.0  0.0  0.0  0.0  0.0  0.0  0.0  0.0  0.0  0.0  0.0  0.0  0.0  0.0  0.0  0.0  0.0  0.0  0.0  0.0  0.0  0.1  0.1  0.2  0.2  0.3  0.3  0.4  0.4  0.4  0.5  0.5  0.5  0.6  0.6  0.6  0.6  0.7  0.7  0.7
 75 |  0.8  0.8  0.8  0.8  0.8  0.8  0.8  0.8  0.8  0.8  0.8  0.8  0.8  0.8  0.8  0.8  0.7  0.7  0.7  0.7  0.6  0.6  0.6  0.5  0.5  0.5  0.4  0.4  0.3  0.3  0.2  0.2  0.1  0.1  0.0  0.0  0.0  0.0  0.0  0.0  0.0  0.0  0.0  0.0  0.0  0.0  0.0  0.0  0.0  0.0  0.0  0.0  0.0  0.0  0.0  0.0  0.0  0.0  0.0  0.0  0.0  0.0  0.0  0.0  0.0  0.0  0.0  0.0  0.0  0.0  0.0  0.1  0.1  0.2  0.2  0.3  0.3  0.4  0.4  0.5  0.5  0.5  0.6  0.6  0.6  0.7  0.7  0.7  0.7  0.8
 73 |  0.8  0.8  0.9  0.9  0.9  0.9  0.9  0.9  0.9  0.9  0.9  0.9  0.9  0.8  0.8  0.8  0.8  0.8  0.7  0.7  0.7  0.6  0.6  0.6  0.5  0.5  0.4  0.4  0.3  0.3  0.2  0.2  0.1  0.0  0.0  0.0  0.0  0.0  0.0  0.0  0.0  0.0  0.0  0.0  0.0  0.0  0.0  0.0  0.0  0.0  0.0  0.0  0.0  0.0  0.0  0.0  0.0  0.0  0.0  0.0  0.0  0.0  0.0  0.0  0.0  0.0  0.0  0.0  0.0  0.0  0.0  0.0  0.1  0.2  0.2  0.3  0.3  0.4  0.4  0.5  0.5  0.6  0.6  0.6  0.7  0.7  0.7  0.8  0.8  0.8
 71 |  0.9  0.9  0.9  0.9  0.9  0.9  0.9  0.9  0.9  0.9  0.9  0.9  0.9  0.9  0.9  0.9  0.8  0.8  0.8  0.7  0.7  0.7  0.6  0.6  0.6  0.5  0.5  0.4  0.3  0.3  0.2  0.2  0.1  0.0  0.0  0.0  0.0  0.0  0.0  0.0  0.0  0.0  0.0  0.0  0.0  0.0  0.0  0.0  0.0  0.0  0.0  0.0  0.0  0.0  0.0  0.0  0.0  0.0  0.0  0.0  0.0  0.0  0.0  0.0  0.0  0.0  0.0  0.0  0.0  0.0  0.0  0.0  0.1  0.2  0.2  0.3  0.3  0.4  0.5  0.5  0.6  0.6  0.6  0.7  0.7  0.7  0.8  0.8  0.8  0.9
 69 |  0.9  0.9  1.0  1.0  1.0  1.0  1.0  1.0  1.0  1.0  1.0  1.0  1.0  0.9  0.9  0.9  0.9  0.9  0.8  0.8  0.7  0.7  0.7  0.6  0.6  0.5  0.5  0.4  0.4  0.3  0.2  0.1  0.0  0.0  0.0  0.0  0.0  0.0  0.0  0.0  0.0  0.0  0.0  0.0  0.0  0.0  0.0  0.0  0.0  0.0  0.0  0.0  0.0  0.0  0.0  0.0  0.0  0.0  0.0  0.0  0.0  0.0  0.0  0.0  0.0  0.0  0.0  0.0  0.0  0.0  0.0  0.0  0.0  0.1  0.2  0.3  0.4  0.4  0.5  0.5  0.6  0.6  0.7  0.7  0.7  0.8  0.8  0.9  0.9  0.9
 67 |  1.0  1.0  1.0  1.0  1.0  1.0  1.0  1.0  1.0  1.0  1.0  1.0  1.0  1.0  1.0  0.9  0.9  0.9  0.9  0.8  0.8  0.7  0.7  0.7  0.6  0.6  0.5  0.4  0.4  0.3  0.2  0.1  0.0  0.0  0.0  0.0  0.0  0.0  0.0  0.0  0.0  0.0  0.0  0.0  0.0  0.0  0.0  0.0  0.0  0.0  0.0  0.0  0.0  0.0  0.0  0.0  0.0  0.0  0.0  0.0  0.0  0.0  0.0  0.0  0.0  0.0  0.0  0.0  0.0  0.0  0.0  0.0  0.0  0.1  0.2  0.3  0.4  0.4  0.5  0.6  0.6  0.7  0.7  0.7  0.8  0.8  0.9  0.9  0.9  0.9
 65 |  1.0  1.0  1.1  1.1  1.1  1.1  1.1  1.1  1.1  1.1  1.1  1.1  1.1  1.0  1.0  1.0  1.0  0.9  0.9  0.9  0.8  0.8  0.7  0.7  0.6  0.6  0.5  0.4  0.4  0.3  0.2  0.1  0.0  0.0  0.0  0.0  0.0  0.0  0.0  0.0  0.0  0.0  0.0  0.0  0.0  0.0  0.0  0.0  0.0  0.0  0.0  0.0  0.0  0.0  0.0  0.0  0.0  0.0  0.0  0.0  0.0  0.0  0.0  0.0  0.0  0.0  0.0  0.0  0.0  0.0  0.0  0.0  0.0  0.1  0.2  0.3  0.4  0.4  0.5  0.6  0.6  0.7  0.7  0.8  0.8  0.9  0.9  0.9  1.0  1.0
 63 |  1.1  1.1  1.1  1.1  1.2  1.2  1.2  1.2  1.2  1.2  1.2  1.1  1.1  1.1  1.1  1.0  1.0  1.0  0.9  0.9  0.9  0.8  0.8  0.7  0.6  0.6  0.5  0.4  0.4  0.3  0.2  0.1  0.0  0.0  0.0  0.0  0.0  0.0  0.0  0.0  0.0  0.0  0.0  0.0  0.0  0.0  0.0  0.0  0.0  0.0  0.0  0.0  0.0  0.0  0.0  0.0  0.0  0.0  0.0  0.0  0.0  0.0  0.0  0.0  0.0  0.0  0.0  0.0  0.0  0.0  0.0  0.0  0.0  0.1  0.2  0.3  0.4  0.4  0.5  0.6  0.6  0.7  0.8  0.8  0.9  0.9  0.9  1.0  1.0  1.0
 61 |  1.1  1.1  1.2  1.2  1.2  1.2  1.2  1.2  1.2  1.2  1.2  1.2  1.2  1.1  1.1  1.1  1.0  1.0  1.0  0.9  0.9  0.8  0.8  0.7  0.7  0.6  0.5  0.5  0.4  0.3  0.2  0.1  0.0  0.0  0.0  0.0  0.0  0.0  0.0  0.0  0.0  0.0  0.0  0.0  0.0  0.0  0.0  0.0  0.0  0.0  0.0  0.0  0.0  0.0  0.0  0.0  0.0  0.0  0.0  0.0  0.0  0.0  0.0  0.0  0.0  0.0  0.0  0.0  0.0  0.0  0.0  0.0  0.0  0.1  0.2  0.3  0.4  0.5  0.5  0.6  0.7  0.7  0.8  0.8  0.9  0.9  1.0  1.0  1.0  1.1
 59 |  1.2  1.2  1.2  1.2  1.2  1.2  1.2  1.2  1.2  1.2  1.2  1.2  1.2  1.2  1.2  1.1  1.1  1.0  1.0  1.0  0.9  0.9  0.8  0.7  0.7  0.6  0.6  0.5  0.4  0.3  0.2  0.1  0.0  0.0  0.0  0.0  0.0  0.0  0.0  0.0  0.0  0.0  0.0  0.0  0.0  0.0  0.0  0.0  0.0  0.0  0.0  0.0  0.0  0.0  0.0  0.0  0.0  0.0  0.0  0.0  0.0  0.0  0.0  0.0  0.0  0.0  0.0  0.0  0.0  0.0  0.0  0.0  0.0  0.1  0.2  0.3  0.4  0.5  0.6  0.6  0.7  0.7  0.8  0.9  0.9  1.0  1.0  1.0  1.1  1.1
 57 |  1.2  1.2  1.2  1.3  1.3  1.3  1.3  1.3  1.3  1.3  1.3  1.3  1.2  1.2  1.2  1.2  1.1  1.1  1.0  1.0  0.9  0.9  0.8  0.8  0.7  0.6  0.6  0.5  0.4  0.3  0.2  0.0  0.0  0.0  0.0  0.0  0.0  0.0  0.0  0.0  0.0  0.0  0.0  0.0  0.0  0.0  0.0  0.0  0.0  0.0  0.0  0.0  0.0  0.0  0.0  0.0  0.0  0.0  0.0  0.0  0.0  0.0  0.0  0.0  0.0  0.0  0.0  0.0  0.0  0.0  0.0  0.0  0.0  0.0  0.2  0.3  0.4  0.5  0.6  0.6  0.7  0.8  0.8  0.9  0.9  1.0  1.0  1.1  1.1  1.2
 55 |  1.2  1.3  1.3  1.3  1.3  1.3  1.3  1.3  1.3  1.3  1.3  1.3  1.3  1.3  1.2  1.2  1.2  1.1  1.1  1.0  1.0  0.9  0.9  0.8  0.7  0.6  0.6  0.5  0.4  0.3  0.2  0.0  0.0  0.0  0.0  0.0  0.0  0.0  0.0  0.0  0.0  0.0  0.0  0.0  0.0  0.0  0.0  0.0  0.0  0.0  0.0  0.0  0.0  0.0  0.0  0.0  0.0  0.0  0.0  0.0  0.0  0.0  0.0  0.0  0.0  0.0  0.0  0.0  0.0  0.0  0.0  0.0  0.0  0.0  0.2  0.3  0.4  0.5  0.6  0.6  0.7  0.8  0.9  0.9  1.0  1.0  1.1  1.1  1.2  1.2
 53 |  1.3  1.3  1.3  1.4  1.4  1.4  1.4  1.4  1.4  1.4  1.4  1.4  1.3  1.3  1.3  1.2  1.2  1.2  1.1  1.1  1.0  0.9  0.9  0.8  0.7  0.7  0.6  0.5  0.4  0.3  0.2  0.0  0.0  0.0  0.0  0.0  0.0  0.0  0.0  0.0  0.0  0.0  0.0  0.0  0.0  0.0  0.0  0.0  0.0  0.0  0.0  0.0  0.0  0.0  0.0  0.0  0.0  0.0  0.0  0.0  0.0  0.0  0.0  0.0  0.0  0.0  0.0  0.0  0.0  0.0  0.0  0.0  0.0  0.0  0.2  0.3  0.4  0.5  0.6  0.7  0.7  0.8  0.9  0.9  1.0  1.1  1.1  1.2  1.2  1.2
 51 |  1.3  1.3  1.4  1.4  1.4  1.4  1.4  1.4  1.4  1.4  1.4  1.4  1.4  1.3  1.3  1.3  1.2  1.2  1.2  1.1  1.0  1.0  0.9  0.8  0.8  0.7  0.6  0.5  0.4  0.3  0.2  0.0  0.0  0.0  0.0  0.0  0.0  0.0  0.0  0.0  0.0  0.0  0.0  0.0  0.0  0.0  0.0  0.0  0.0  0.0  0.0  0.0  0.0  0.0  0.0  0.0  0.0  0.0  0.0  0.0  0.0  0.0  0.0  0.0  0.0  0.0  0.0  0.0  0.0  0.0  0.0  0.0  0.0  0.0  0.2  0.3  0.4  0.5  0.6  0.7  0.8  0.8  0.9  1.0  1.0  1.1  1.2  1.2  1.2  1.3
 49 |  1.3  1.4  1.4  1.4  1.4  1.5  1.5  1.5  1.5  1.5  1.4  1.4  1.4  1.4  1.3  1.3  1.3  1.2  1.2  1.1  1.0  1.0  0.9  0.9  0.8  0.7  0.6  0.5  0.4  0.3  0.1  0.0  0.0  0.0  0.0  0.0  0.0  0.0  0.0  0.0  0.0  0.0  0.0  0.0  0.0  0.0  0.0  0.0  0.0  0.0  0.0  0.0  0.0  0.0  0.0  0.0  0.0  0.0  0.0  0.0  0.0  0.0  0.0  0.0  0.0  0.0  0.0  0.0  0.0  0.0  0.0  0.0  0.0  0.0  0.1  0.3  0.4  0.5  0.6  0.7  0.8  0.9  0.9  1.0  1.0  1.1  1.2  1.2  1.3  1.3
 47 |  1.4  1.4  1.4  1.5  1.5  1.5  1.5  1.5  1.5  1.5  1.5  1.5  1.4  1.4  1.4  1.3  1.3  1.2  1.2  1.2  1.1  1.0  0.9  0.9  0.8  0.7  0.6  0.5  0.4  0.3  0.1  0.0  0.0  0.0  0.0  0.0  0.0  0.0  0.0  0.0  0.0  0.0  0.0  0.0  0.0  0.0  0.0  0.0  0.0  0.0  0.0  0.0  0.0  0.0  0.0  0.0  0.0  0.0  0.0  0.0  0.0  0.0  0.0  0.0  0.0  0.0  0.0  0.0  0.0  0.0  0.0  0.0  0.0  0.0  0.1  0.3  0.4  0.5  0.6  0.7  0.8  0.9  0.9  1.0  1.1  1.2  1.2  1.2  1.3  1.3
 45 |  1.4  1.4  1.5  1.5  1.5  1.5  1.5  1.5  1.5  1.5  1.5  1.5  1.5  1.4  1.4  1.4  1.3  1.3  1.2  1.2  1.1  1.0  1.0  0.9  0.8  0.7  0.6  0.5  0.4  0.3  0.1  0.0  0.0  0.0  0.0  0.0  0.0  0.0  0.0  0.0  0.0  0.0  0.0  0.0  0.0  0.0  0.0  0.0  0.0  0.0  0.0  0.0  0.0  0.0  0.0  0.0  0.0  0.0  0.0  0.0  0.0  0.0  0.0  0.0  0.0  0.0  0.0  0.0  0.0  0.0  0.0  0.0  0.0  0.0  0.1  0.3  0.4  0.5  0.6  0.7  0.8  0.9  1.0  1.0  1.1  1.2  1.2  1.3  1.3  1.4
 43 |  1.4  1.5  1.5  1.5  1.5  1.6  1.6  1.6  1.6  1.6  1.5  1.5  1.5  1.5  1.4  1.4  1.4  1.3  1.2  1.2  1.1  1.0  1.0  0.9  0.8  0.7  0.6  0.5  0.4  0.3  0.1  0.0  0.0  0.0  0.0  0.0  0.0  0.0  0.0  0.0  0.0  0.0  0.0  0.0  0.0  0.0  0.0  0.0  0.0  0.0  0.0  0.0  0.0  0.0  0.0  0.0  0.0  0.0  0.0  0.0  0.0  0.0  0.0  0.0  0.0  0.0  0.0  0.0  0.0  0.0  0.0  0.0  0.0  0.0  0.1  0.3  0.4  0.5  0.6  0.7  0.8  0.9  1.0  1.0  1.1  1.2  1.2  1.3  1.4  1.4
 41 |  1.5  1.5  1.5  1.6  1.6  1.6  1.6  1.6  1.6  1.6  1.6  1.6  1.5  1.5  1.5  1.4  1.4  1.3  1.3  1.2  1.2  1.1  1.0  0.9  0.8  0.7  0.6  0.5  0.4  0.3  0.1  0.0  0.0  0.0  0.0  0.0  0.0  0.0  0.0  0.0  0.0  0.0  0.0  0.0  0.0  0.0  0.0  0.0  0.0  0.0  0.0  0.0  0.0  0.0  0.0  0.0  0.0  0.0  0.0  0.0  0.0  0.0  0.0  0.0  0.0  0.0  0.0  0.0  0.0  0.0  0.0  0.0  0.0  0.0  0.1  0.3  0.4  0.5  0.6  0.7  0.8  0.9  1.0  1.1  1.2  1.2  1.3  1.3  1.4  1.4
 39 |  1.5  1.5  1.6  1.6  1.6  1.6  1.6  1.6  1.6  1.6  1.6  1.6  1.6  1.5  1.5  1.5  1.4  1.4  1.3  1.2  1.2  1.1  1.0  0.9  0.8  0.7  0.6  0.5  0.4  0.3  0.1  0.0  0.0  0.0  0.0  0.0  0.0  0.0  0.0  0.0  0.0  0.0  0.0  0.0  0.0  0.0  0.0  0.0  0.0  0.0  0.0  0.0  0.0  0.0  0.0  0.0  0.0  0.0  0.0  0.0  0.0  0.0  0.0  0.0  0.0  0.0  0.0  0.0  0.0  0.0  0.0  0.0  0.0  0.0  0.1  0.3  0.4  0.5  0.6  0.7  0.8  0.9  1.0  1.1  1.2  1.2  1.3  1.4  1.4  1.5
 37 |  1.5  1.6  1.6  1.6  1.6  1.6  1.7  1.7  1.7  1.6  1.6  1.6  1.6  1.6  1.5  1.5  1.4  1.4  1.3  1.2  1.2  1.1  1.0  0.9  0.9  0.8  0.6  0.5  0.4  0.3  0.1  0.0  0.0  0.0  0.0  0.0  0.0  0.0  0.0  0.0  0.0  0.0  0.0  0.0  0.0  0.0  0.0  0.0  0.0  0.0  0.0  0.0  0.0  0.0  0.0  0.0  0.0  0.0  0.0  0.0  0.0  0.0  0.0  0.0  0.0  0.0  0.0  0.0  0.0  0.0  0.0  0.0  0.0  0.0  0.1  0.3  0.4  0.5  0.6  0.8  0.9  0.9  1.0  1.1  1.2  1.2  1.3  1.4  1.4  1.5
 35 |  1.5  1.6  1.6  1.6  1.7  1.7  1.7  1.7  1.7  1.7  1.7  1.6  1.6  1.6  1.5  1.5  1.5  1.4  1.3  1.3  1.2  1.1  1.0  0.9  0.9  0.8  0.7  0.5  0.4  0.3  0.1  0.0  0.0  0.0  0.0  0.0  0.0  0.0  0.0  0.0  0.0  0.0  0.0  0.0  0.0  0.0  0.0  0.0  0.0  0.0  0.0  0.0  0.0  0.0  0.0  0.0  0.0  0.0  0.0  0.0  0.0  0.0  0.0  0.0  0.0  0.0  0.0  0.0  0.0  0.0  0.0  0.0  0.0  0.0  0.1  0.3  0.4  0.5  0.7  0.8  0.9  0.9  1.0  1.1  1.2  1.3  1.3  1.4  1.5  1.5
 33 |  1.6  1.6  1.6  1.7  1.7  1.7  1.7  1.7  1.7  1.7  1.7  1.7  1.6  1.6  1.6  1.5  1.5  1.4  1.4  1.3  1.2  1.2  1.0  1.0  0.9  0.8  0.7  0.5  0.4  0.3  0.1  0.0  0.0  0.0  0.0  0.0  0.0  0.0  0.0  0.0  0.0  0.0  0.0  0.0  0.0  0.0  0.0  0.0  0.0  0.0  0.0  0.0  0.0  0.0  0.0  0.0  0.0  0.0  0.0  0.0  0.0  0.0  0.0  0.0  0.0  0.0  0.0  0.0  0.0  0.0  0.0  0.0  0.0  0.0  0.1  0.3  0.4  0.5  0.7  0.8  0.9  1.0  1.0  1.2  1.2  1.3  1.4  1.4  1.5  1.5
 31 |  1.6  1.6  1.7  1.7  1.7  1.7  1.7  1.7  1.7  1.7  1.7  1.7  1.7  1.6  1.6  1.5  1.5  1.4  1.4  1.3  1.2  1.2  1.1  1.0  0.9  0.8  0.7  0.5  0.4  0.3  0.1  0.0  0.0  0.0  0.0  0.0  0.0  0.0  0.0  0.0  0.0  0.0  0.0  0.0  0.0  0.0  0.0  0.0  0.0  0.0  0.0  0.0  0.0  0.0  0.0  0.0  0.0  0.0  0.0  0.0  0.0  0.0  0.0  0.0  0.0  0.0  0.0  0.0  0.0  0.0  0.0  0.0  0.0  0.0  0.1  0.3  0.4  0.5  0.7  0.8  0.9  1.0  1.1  1.2  1.2  1.3  1.4  1.4  1.5  1.5
 29 |  1.6  1.6  1.7  1.7  1.7  1.7  1.8  1.8  1.8  1.7  1.7  1.7  1.7  1.6  1.6  1.6  1.5  1.5  1.4  1.3  1.2  1.2  1.1  1.0  0.9  0.8  0.7  0.6  0.4  0.2  0.0  0.0  0.0  0.0  0.0  0.0  0.0  0.0  0.0  0.0  0.0  0.0  0.0  0.0  0.0  0.0  0.0  0.0  0.0  0.0  0.0  0.0  0.0  0.0  0.0  0.0  0.0  0.0  0.0  0.0  0.0  0.0  0.0  0.0  0.0  0.0  0.0  0.0  0.0  0.0  0.0  0.0  0.0  0.0  0.0  0.2  0.4  0.6  0.7  0.8  0.9  1.0  1.1  1.2  1.2  1.3  1.4  1.5  1.5  1.6
 27 |  1.6  1.7  1.7  1.7  1.7  1.8  1.8  1.8  1.8  1.8  1.7  1.7  1.7  1.7  1.6  1.6  1.5  1.5  1.4  1.3  1.3  1.2  1.1  1.0  0.9  0.8  0.7  0.6  0.4  0.2  0.0  0.0  0.0  0.0  0.0  0.0  0.0  0.0  0.0  0.0  0.0  0.0  0.0  0.0  0.0  0.0  0.0  0.0  0.0  0.0  0.0  0.0  0.0  0.0  0.0  0.0  0.0  0.0  0.0  0.0  0.0  0.0  0.0  0.0  0.0  0.0  0.0  0.0  0.0  0.0  0.0  0.0  0.0  0.0  0.0  0.2  0.4  0.6  0.7  0.8  0.9  1.0  1.1  1.2  1.3  1.3  1.4  1.5  1.5  1.6
 25 |  1.6  1.7  1.7  1.7  1.8  1.8  1.8  1.8  1.8  1.8  1.8  1.7  1.7  1.7  1.6  1.6  1.5  1.5  1.4  1.4  1.3  1.2  1.1  1.0  0.9  0.8  0.7  0.6  0.4  0.2  0.0  0.0  0.0  0.0  0.0  0.0  0.0  0.0  0.0  0.0  0.0  0.0  0.0  0.0  0.0  0.0  0.0  0.0  0.0  0.0  0.0  0.0  0.0  0.0  0.0  0.0  0.0  0.0  0.0  0.0  0.0  0.0  0.0  0.0  0.0  0.0  0.0  0.0  0.0  0.0  0.0  0.0  0.0  0.0  0.0  0.2  0.4  0.6  0.7  0.8  0.9  1.0  1.1  1.2  1.3  1.4  1.4  1.5  1.5  1.6
 23 |  1.7  1.7  1.7  1.8  1.8  1.8  1.8  1.8  1.8  1.8  1.8  1.8  1.7  1.7  1.7  1.6  1.6  1.5  1.4  1.4  1.3  1.2  1.1  1.0  0.9  0.8  0.7  0.6  0.4  0.2  0.0  0.0  0.0  0.0  0.0  0.0  0.0  0.0  0.0  0.0  0.0  0.0  0.0  0.0  0.0  0.0  0.0  0.0  0.0  0.0  0.0  0.0  0.0  0.0  0.0  0.0  0.0  0.0  0.0  0.0  0.0  0.0  0.0  0.0  0.0  0.0  0.0  0.0  0.0  0.0  0.0  0.0  0.0  0.0  0.0  0.2  0.4  0.6  0.7  0.8  0.9  1.0  1.1  1.2  1.3  1.4  1.4  1.5  1.6  1.6
 21 |  1.7  1.7  1.7  1.8  1.8  1.8  1.8  1.8  1.8  1.8  1.8  1.8  1.7  1.7  1.7  1.6  1.6  1.5  1.4  1.4  1.3  1.2  1.1  1.0  0.9  0.8  0.7  0.6  0.4  0.2  0.0  0.0  0.0  0.0  0.0  0.0  0.0  0.0  0.0  0.0  0.0  0.0  0.0  0.0  0.0  0.0  0.0  0.0  0.0  0.0  0.0  0.0  0.0  0.0  0.0  0.0  0.0  0.0  0.0  0.0  0.0  0.0  0.0  0.0  0.0  0.0  0.0  0.0  0.0  0.0  0.0  0.0  0.0  0.0  0.0  0.2  0.4  0.6  0.7  0.8  0.9  1.0  1.1  1.2  1.3  1.4  1.4  1.5  1.6  1.6
 19 |  1.7  1.7  1.8  1.8  1.8  1.8  1.8  1.8  1.8  1.8  1.8  1.8  1.8  1.7  1.7  1.6  1.6  1.5  1.4  1.4  1.3  1.2  1.1  1.0  0.9  0.8  0.7  0.6  0.4  0.2  0.0  0.0  0.0  0.0  0.0  0.0  0.0  0.0  0.0  0.0  0.0  0.0  0.0  0.0  0.0  0.0  0.0  0.0  0.0  0.0  0.0  0.0  0.0  0.0  0.0  0.0  0.0  0.0  0.0  0.0  0.0  0.0  0.0  0.0  0.0  0.0  0.0  0.0  0.0  0.0  0.0  0.0  0.0  0.0  0.0  0.2  0.4  0.6  0.7  0.8  0.9  1.0  1.1  1.2  1.3  1.4  1.4  1.5  1.6  1.6
 17 |  1.7  1.7  1.8  1.8  1.8  1.8  1.9  1.9  1.9  1.8  1.8  1.8  1.8  1.7  1.7  1.6  1.6  1.5  1.5  1.4  1.3  1.2  1.1  1.0  0.9  0.8  0.7  0.6  0.4  0.2  0.0  0.0  0.0  0.0  0.0  0.0  0.0  0.0  0.0  0.0  0.0  0.0  0.0  0.0  0.0  0.0  0.0  0.0  0.0  0.0  0.0  0.0  0.0  0.0  0.0  0.0  0.0  0.0  0.0  0.0  0.0  0.0  0.0  0.0  0.0  0.0  0.0  0.0  0.0  0.0  0.0  0.0  0.0  0.0  0.0  0.2  0.4  0.6  0.7  0.8  0.9  1.0  1.1  1.2  1.3  1.4  1.5  1.5  1.6  1.6
 15 |  1.7  1.7  1.8  1.8  1.8  1.9  1.9  1.9  1.9  1.9  1.8  1.8  1.8  1.7  1.7  1.6  1.6  1.5  1.5  1.4  1.3  1.2  1.1  1.0  0.9  0.8  0.7  0.5  0.4  0.2  0.0  0.0  0.0  0.0  0.0  0.0  0.0  0.0  0.0  0.0  0.0  0.0  0.0  0.0  0.0  0.0  0.0  0.0  0.0  0.0  0.0  0.0  0.0  0.0  0.0  0.0  0.0  0.0  0.0  0.0  0.0  0.0  0.0  0.0  0.0  0.0  0.0  0.0  0.0  0.0  0.0  0.0  0.0  0.0  0.0  0.2  0.4  0.5  0.7  0.8  0.9  1.0  1.1  1.2  1.3  1.4  1.5  1.5  1.6  1.6
 13 |  1.7  1.8  1.8  1.8  1.8  1.9  1.9  1.9  1.9  1.9  1.8  1.8  1.8  1.8  1.7  1.7  1.6  1.5  1.5  1.4  1.3  1.2  1.1  1.0  0.9  0.8  0.7  0.5  0.4  0.2  0.0  0.0  0.0  0.0  0.0  0.0  0.0  0.0  0.0  0.0  0.0  0.0  0.0  0.0  0.0  0.0  0.0  0.0  0.0  0.0  0.0  0.0  0.0  0.0  0.0  0.0  0.0  0.0  0.0  0.0  0.0  0.0  0.0  0.0  0.0  0.0  0.0  0.0  0.0  0.0  0.0  0.0  0.0  0.0  0.0  0.2  0.4  0.5  0.7  0.8  0.9  1.0  1.1  1.2  1.3  1.4  1.5  1.5  1.6  1.7
 11 |  1.7  1.8  1.8  1.8  1.9  1.9  1.9  1.9  1.9  1.9  1.9  1.8  1.8  1.8  1.7  1.7  1.6  1.5  1.5  1.4  1.3  1.2  1.1  1.0  0.9  0.8  0.7  0.5  0.4  0.2  0.0  0.0  0.0  0.0  0.0  0.0  0.0  0.0  0.0  0.0  0.0  0.0  0.0  0.0  0.0  0.0  0.0  0.0  0.0  0.0  0.0  0.0  0.0  0.0  0.0  0.0  0.0  0.0  0.0  0.0  0.0  0.0  0.0  0.0  0.0  0.0  0.0  0.0  0.0  0.0  0.0  0.0  0.0  0.0  0.0  0.2  0.4  0.5  0.7  0.8  0.9  1.0  1.1  1.2  1.3  1.4  1.5  1.5  1.6  1.7
  9 |  1.7  1.8  1.8  1.8  1.9  1.9  1.9  1.9  1.9  1.9  1.9  1.8  1.8  1.8  1.7  1.7  1.6  1.5  1.5  1.4  1.3  1.2  1.1  1.0  0.9  0.8  0.7  0.5  0.4  0.2  0.0  0.0  0.0  0.0  0.0  0.0  0.0  0.0  0.0  0.0  0.0  0.0  0.0  0.0  0.0  0.0  0.0  0.0  0.0  0.0  0.0  0.0  0.0  0.0  0.0  0.0  0.0  0.0  0.0  0.0  0.0  0.0  0.0  0.0  0.0  0.0  0.0  0.0  0.0  0.0  0.0  0.0  0.0  0.0  0.0  0.2  0.4  0.5  0.7  0.8  0.9  1.0  1.1  1.2  1.3  1.4  1.5  1.5  1.6  1.7
  7 |  1.7  1.8  1.8  1.8  1.9  1.9  1.9  1.9  1.9  1.9  1.9  1.8  1.8  1.8  1.7  1.7  1.6  1.5  1.5  1.4  1.3  1.2  1.1  1.0  0.9  0.8  0.7  0.5  0.4  0.2  0.0  0.0  0.0  0.0  0.0  0.0  0.0  0.0  0.0  0.0  0.0  0.0  0.0  0.0  0.0  0.0  0.0  0.0  0.0  0.0  0.0  0.0  0.0  0.0  0.0  0.0  0.0  0.0  0.0  0.0  0.0  0.0  0.0  0.0  0.0  0.0  0.0  0.0  0.0  0.0  0.0  0.0  0.0  0.0  0.0  0.2  0.4  0.5  0.7  0.8  0.9  1.0  1.1  1.2  1.3  1.4  1.5  1.5  1.6  1.7
  5 |  1.7  1.8  1.8  1.8  1.9  1.9  1.9  1.9  1.9  1.9  1.9  1.8  1.8  1.8  1.7  1.7  1.6  1.5  1.5  1.4  1.3  1.2  1.1  1.0  0.9  0.8  0.7  0.5  0.4  0.2  0.0  0.0  0.0  0.0  0.0  0.0  0.0  0.0  0.0  0.0  0.0  0.0  0.0  0.0  0.0  0.0  0.0  0.0  0.0  0.0  0.0  0.0  0.0  0.0  0.0  0.0  0.0  0.0  0.0  0.0  0.0  0.0  0.0  0.0  0.0  0.0  0.0  0.0  0.0  0.0  0.0  0.0  0.0  0.0  0.0  0.2  0.4  0.5  0.7  0.8  0.9  1.0  1.1  1.2  1.3  1.4  1.5  1.5  1.6  1.7
  3 |  1.7  1.8  1.8  1.8  1.9  1.9  1.9  1.9  1.9  1.9  1.9  1.8  1.8  1.8  1.7  1.7  1.6  1.5  1.5  1.4  1.3  1.2  1.1  1.0  0.9  0.8  0.7  0.5  0.4  0.2  0.0  0.0  0.0  0.0  0.0  0.0  0.0  0.0  0.0  0.0  0.0  0.0  0.0  0.0  0.0  0.0  0.0  0.0  0.0  0.0  0.0  0.0  0.0  0.0  0.0  0.0  0.0  0.0  0.0  0.0  0.0  0.0  0.0  0.0  0.0  0.0  0.0  0.0  0.0  0.0  0.0  0.0  0.0  0.0  0.0  0.2  0.4  0.5  0.7  0.8  0.9  1.0  1.1  1.2  1.3  1.4  1.5  1.5  1.6  1.7
  1 |  1.7  1.8  1.8  1.8  1.9  1.9  1.9  1.9  1.9  1.9  1.9  1.8  1.8  1.8  1.7  1.7  1.6  1.5  1.5  1.4  1.3  1.2  1.1  1.0  0.9  0.8  0.7  0.5  0.4  0.2  0.0  0.0  0.0  0.0  0.0  0.0  0.0  0.0  0.0  0.0  0.0  0.0  0.0  0.0  0.0  0.0  0.0  0.0  0.0  0.0  0.0  0.0  0.0  0.0  0.0  0.0  0.0  0.0  0.0  0.0  0.0  0.0  0.0  0.0  0.0  0.0  0.0  0.0  0.0  0.0  0.0  0.0  0.0  0.0  0.0  0.2  0.4  0.5  0.7  0.8  0.9  1.0  1.1  1.2  1.3  1.4  1.5  1.5  1.6  1.7
 -1 |  1.7  1.8  1.8  1.8  1.9  1.9  1.9  1.9  1.9  1.9  1.9  1.8  1.8  1.8  1.7  1.7  1.6  1.5  1.5  1.4  1.3  1.2  1.1  1.0  0.9  0.8  0.7  0.5  0.3  0.1  0.0  0.0  0.0  0.0  0.0  0.0  0.0  0.0  0.0  0.0  0.0  0.0  0.0  0.0  0.0  0.0  0.0  0.0  0.0  0.0  0.0  0.0  0.0  0.0  0.0  0.0  0.0  0.0  0.0  0.0  0.0  0.0  0.0  0.0  0.0  0.0  0.0  0.0  0.0  0.0  0.0  0.0  0.0  0.0  0.0  0.1  0.3  0.5  0.7  0.8  0.9  1.0  1.1  1.2  1.3  1.4  1.5  1.5  1.6  1.7
 -3 |  1.7  1.8  1.8  1.8  1.9  1.9  1.9  1.9  1.9  1.9  1.9  1.8  1.8  1.8  1.7  1.7  1.6  1.5  1.5  1.4  1.3  1.2  1.1  1.0  0.9  0.8  0.6  0.5  0.3  0.1  0.0  0.0  0.0  0.0  0.0  0.0  0.0  0.0  0.0  0.0  0.0  0.0  0.0  0.0  0.0  0.0  0.0  0.0  0.0  0.0  0.0  0.0  0.0  0.0  0.0  0.0  0.0  0.0  0.0  0.0  0.0  0.0  0.0  0.0  0.0  0.0  0.0  0.0  0.0  0.0  0.0  0.0  0.0  0.0  0.0  0.1  0.3  0.5  0.6  0.8  0.9  1.0  1.1  1.2  1.3  1.4  1.5  1.5  1.6  1.7
 -5 |  1.7  1.7  1.8  1.8  1.8  1.9  1.9  1.9  1.9  1.9  1.8  1.8  1.8  1.7  1.7  1.6  1.6  1.5  1.5  1.4  1.3  1.2  1.1  1.0  0.9  0.8  0.6  0.5  0.3  0.1  0.0  0.0  0.0  0.0  0.0  0.0  0.0  0.0  0.0  0.0  0.0  0.0  0.0  0.0  0.0  0.0  0.0  0.0  0.0  0.0  0.0  0.0  0.0  0.0  0.0  0.0  0.0  0.0  0.0  0.0  0.0  0.0  0.0  0.0  0.0  0.0  0.0  0.0  0.0  0.0  0.0  0.0  0.0  0.0  0.0  0.1  0.3  0.5  0.6  0.8  0.9  1.0  1.1  1.2  1.3  1.4  1.5  1.5  1.6  1.6
 -7 |  1.7  1.7  1.8  1.8  1.8  1.9  1.9  1.9  1.9  1.9  1.8  1.8  1.8  1.7  1.7  1.6  1.6  1.5  1.4  1.4  1.3  1.2  1.1  1.0  0.9  0.8  0.6  0.5  0.3  0.1  0.0  0.0  0.0  0.0  0.0  0.0  0.0  0.0  0.0  0.0  0.0  0.0  0.0  0.0  0.0  0.0  0.0  0.0  0.0  0.0  0.0  0.0  0.0  0.0  0.0  0.0  0.0  0.0  0.0  0.0  0.0  0.0  0.0  0.0  0.0  0.0  0.0  0.0  0.0  0.0  0.0  0.0  0.0  0.0  0.0  0.1  0.3  0.5  0.6  0.8  0.9  1.0  1.1  1.2  1.3  1.4  1.4  1.5  1.6  1.6
 -9 |  1.7  1.7  1.8  1.8  1.8  1.8  1.9  1.9  1.9  1.8  1.8  1.8  1.8  1.7  1.7  1.6  1.6  1.5  1.4  1.4  1.3  1.2  1.1  1.0  0.9  0.8  0.6  0.5  0.3  0.1  0.0  0.0  0.0  0.0  0.0  0.0  0.0  0.0  0.0  0.0  0.0  0.0  0.0  0.0  0.0  0.0  0.0  0.0  0.0  0.0  0.0  0.0  0.0  0.0  0.0  0.0  0.0  0.0  0.0  0.0  0.0  0.0  0.0  0.0  0.0  0.0  0.0  0.0  0.0  0.0  0.0  0.0  0.0  0.0  0.0  0.1  0.3  0.5  0.6  0.8  0.9  1.0  1.1  1.2  1.3  1.4  1.4  1.5  1.6  1.6
-11 |  1.7  1.7  1.8  1.8  1.8  1.8  1.8  1.8  1.8  1.8  1.8  1.8  1.8  1.7  1.7  1.6  1.6  1.5  1.4  1.4  1.3  1.2  1.1  1.0  0.9  0.7  0.6  0.5  0.3  0.1  0.0  0.0  0.0  0.0  0.0  0.0  0.0  0.0  0.0  0.0  0.0  0.0  0.0  0.0  0.0  0.0  0.0  0.0  0.0  0.0  0.0  0.0  0.0  0.0  0.0  0.0  0.0  0.0  0.0  0.0  0.0  0.0  0.0  0.0  0.0  0.0  0.0  0.0  0.0  0.0  0.0  0.0  0.0  0.0  0.0  0.1  0.3  0.5  0.6  0.7  0.9  1.0  1.1  1.2  1.3  1.4  1.4  1.5  1.6  1.6
-13 |  1.7  1.7  1.7  1.8  1.8  1.8  1.8  1.8  1.8  1.8  1.8  1.8  1.7  1.7  1.7  1.6  1.5  1.5  1.4  1.3  1.3  1.2  1.1  1.0  0.9  0.7  0.6  0.5  0.3  0.1  0.0  0.0  0.0  0.0  0.0  0.0  0.0  0.0  0.0  0.0  0.0  0.0  0.0  0.0  0.0  0.0  0.0  0.0  0.0  0.0  0.0  0.0  0.0  0.0  0.0  0.0  0.0  0.0  0.0  0.0  0.0  0.0  0.0  0.0  0.0  0.0  0.0  0.0  0.0  0.0  0.0  0.0  0.0  0.0  0.0  0.1  0.3  0.5  0.6  0.7  0.9  1.0  1.1  1.2  1.3  1.3  1.4  1.5  1.5  1.6
-15 |  1.6  1.7  1.7  1.8  1.8  1.8  1.8  1.8  1.8  1.8  1.8  1.8  1.7  1.7  1.6  1.6  1.5  1.5  1.4  1.3  1.2  1.2  1.1  1.0  0.9  0.7  0.6  0.5  0.3  0.1  0.0  0.0  0.0  0.0  0.0  0.0  0.0  0.0  0.0  0.0  0.0  0.0  0.0  0.0  0.0  0.0  0.0  0.0  0.0  0.0  0.0  0.0  0.0  0.0  0.0  0.0  0.0  0.0  0.0  0.0  0.0  0.0  0.0  0.0  0.0  0.0  0.0  0.0  0.0  0.0  0.0  0.0  0.0  0.0  0.0  0.1  0.3  0.5  0.6  0.7  0.9  1.0  1.1  1.2  1.2  1.3  1.4  1.5  1.5  1.6
-17 |  1.6  1.7  1.7  1.7  1.8  1.8  1.8  1.8  1.8  1.8  1.8  1.7  1.7  1.7  1.6  1.6  1.5  1.5  1.4  1.3  1.2  1.2  1.0  0.9  0.8  0.7  0.6  0.4  0.3  0.1  0.0  0.0  0.0  0.0  0.0  0.0  0.0  0.0  0.0  0.0  0.0  0.0  0.0  0.0  0.0  0.0  0.0  0.0  0.0  0.0  0.0  0.0  0.0  0.0  0.0  0.0  0.0  0.0  0.0  0.0  0.0  0.0  0.0  0.0  0.0  0.0  0.0  0.0  0.0  0.0  0.0  0.0  0.0  0.0  0.0  0.1  0.3  0.4  0.6  0.7  0.8  0.9  1.0  1.2  1.2  1.3  1.4  1.5  1.5  1.6
-19 |  1.6  1.6  1.7  1.7  1.7  1.8  1.8  1.8  1.8  1.8  1.7  1.7  1.7  1.6  1.6  1.6  1.5  1.4  1.4  1.3  1.2  1.1  1.0  0.9  0.8  0.7  0.6  0.4  0.3  0.1  0.0  0.0  0.0  0.0  0.0  0.0  0.0  0.0  0.0  0.0  0.0  0.0  0.0  0.0  0.0  0.0  0.0  0.0  0.0  0.0  0.0  0.0  0.0  0.0  0.0  0.0  0.0  0.0  0.0  0.0  0.0  0.0  0.0  0.0  0.0  0.0  0.0  0.0  0.0  0.0  0.0  0.0  0.0  0.0  0.0  0.1  0.3  0.4  0.6  0.7  0.8  0.9  1.0  1.1  1.2  1.3  1.4  1.4  1.5  1.6
-21 |  1.6  1.6  1.7  1.7  1.7  1.7  1.7  1.8  1.7  1.7  1.7  1.7  1.7  1.6  1.6  1.5  1.5  1.4  1.4  1.3  1.2  1.1  1.0  0.9  0.8  0.7  0.6  0.4  0.3  0.0  0.0  0.0  0.0  0.0  0.0  0.0  0.0  0.0  0.0  0.0  0.0  0.0  0.0  0.0  0.0  0.0  0.0  0.0  0.0  0.0  0.0  0.0  0.0  0.0  0.0  0.0  0.0  0.0  0.0  0.0  0.0  0.0  0.0  0.0  0.0  0.0  0.0  0.0  0.0  0.0  0.0  0.0  0.0  0.0  0.0  0.0  0.3  0.4  0.6  0.7  0.8  0.9  1.0  1.1  1.2  1.3  1.4  1.4  1.5  1.5
-23 |  1.6  1.6  1.6  1.7  1.7  1.7  1.7  1.7  1.7  1.7  1.7  1.7  1.6  1.6  1.6  1.5  1.5  1.4  1.3  1.3  1.2  1.1  1.0  0.9  0.8  0.7  0.6  0.4  0.2  0.0  0.0  0.0  0.0  0.0  0.0  0.0  0.0  0.0  0.0  0.0  0.0  0.0  0.0  0.0  0.0  0.0  0.0  0.0  0.0  0.0  0.0  0.0  0.0  0.0  0.0  0.0  0.0  0.0  0.0  0.0  0.0  0.0  0.0  0.0  0.0  0.0  0.0  0.0  0.0  0.0  0.0  0.0  0.0  0.0  0.0  0.0  0.2  0.4  0.6  0.7  0.8  0.9  1.0  1.1  1.2  1.3  1.3  1.4  1.5  1.5
-25 |  1.5  1.6  1.6  1.6  1.7  1.7  1.7  1.7  1.7  1.7  1.7  1.6  1.6  1.6  1.5  1.5  1.4  1.4  1.3  1.2  1.2  1.1  1.0  0.9  0.8  0.7  0.6  0.4  0.2  0.0  0.0  0.0  0.0  0.0  0.0  0.0  0.0  0.0  0.0  0.0  0.0  0.0  0.0  0.0  0.0  0.0  0.0  0.0  0.0  0.0  0.0  0.0  0.0  0.0  0.0  0.0  0.0  0.0  0.0  0.0  0.0  0.0  0.0  0.0  0.0  0.0  0.0  0.0  0.0  0.0  0.0  0.0  0.0  0.0  0.0  0.0  0.2  0.4  0.6  0.7  0.8  0.9  1.0  1.1  1.2  1.2  1.3  1.4  1.4  1.5
-27 |  1.5  1.6  1.6  1.6  1.6  1.7  1.7  1.7  1.7  1.7  1.6  1.6  1.6  1.6  1.5  1.5  1.4  1.4  1.3  1.2  1.2  1.1  1.0  0.9  0.8  0.7  0.5  0.4  0.2  0.0  0.0  0.0  0.0  0.0  0.0  0.0  0.0  0.0  0.0  0.0  0.0  0.0  0.0  0.0  0.0  0.0  0.0  0.0  0.0  0.0  0.0  0.0  0.0  0.0  0.0  0.0  0.0  0.0  0.0  0.0  0.0  0.0  0.0  0.0  0.0  0.0  0.0  0.0  0.0  0.0  0.0  0.0  0.0  0.0  0.0  0.0  0.2  0.4  0.5  0.7  0.8  0.9  1.0  1.1  1.2  1.2  1.3  1.4  1.4  1.5
-29 |  1.5  1.5  1.6  1.6  1.6  1.6  1.6  1.6  1.6  1.6  1.6  1.6  1.6  1.5  1.5  1.4  1.4  1.3  1.3  1.2  1.1  1.0  0.9  0.9  0.8  0.6  0.5  0.4  0.2  0.0  0.0  0.0  0.0  0.0  0.0  0.0  0.0  0.0  0.0  0.0  0.0  0.0  0.0  0.0  0.0  0.0  0.0  0.0  0.0  0.0  0.0  0.0  0.0  0.0  0.0  0.0  0.0  0.0  0.0  0.0  0.0  0.0  0.0  0.0  0.0  0.0  0.0  0.0  0.0  0.0  0.0  0.0  0.0  0.0  0.0  0.0  0.2  0.4  0.5  0.6  0.8  0.9  0.9  1.0  1.1  1.2  1.3  1.3  1.4  1.4
-31 |  1.5  1.5  1.5  1.6  1.6  1.6  1.6  1.6  1.6  1.6  1.6  1.6  1.5  1.5  1.5  1.4  1.4  1.3  1.2  1.2  1.1  1.0  0.9  0.8  0.7  0.6  0.5  0.4  0.2  0.0  0.0  0.0  0.0  0.0  0.0  0.0  0.0  0.0  0.0  0.0  0.0  0.0  0.0  0.0  0.0  0.0  0.0  0.0  0.0  0.0  0.0  0.0  0.0  0.0  0.0  0.0  0.0  0.0  0.0  0.0  0.0  0.0  0.0  0.0  0.0  0.0  0.0  0.0  0.0  0.0  0.0  0.0  0.0  0.0  0.0  0.0  0.2  0.4  0.5  0.6  0.7  0.8  0.9  1.0  1.1  1.2  1.2  1.3  1.4  1.4
-33 |  1.4  1.5  1.5  1.5  1.6  1.6  1.6  1.6  1.6  1.6  1.6  1.5  1.5  1.5  1.4  1.4  1.4  1.3  1.2  1.2  1.1  1.0  0.9  0.8  0.7  0.6  0.5  0.3  0.2  0.0  0.0  0.0  0.0  0.0  0.0  0.0  0.0  0.0  0.0  0.0  0.0  0.0  0.0  0.0  0.0  0.0  0.0  0.0  0.0  0.0  0.0  0.0  0.0  0.0  0.0  0.0  0.0  0.0  0.0  0.0  0.0  0.0  0.0  0.0  0.0  0.0  0.0  0.0  0.0  0.0  0.0  0.0  0.0  0.0  0.0  0.0  0.2  0.3  0.5  0.6  0.7  0.8  0.9  1.0  1.1  1.2  1.2  1.3  1.4  1.4
-35 |  1.4  1.4  1.5  1.5  1.5  1.5  1.6  1.6  1.6  1.5  1.5  1.5  1.5  1.4  1.4  1.4  1.3  1.3  1.2  1.1  1.0  1.0  0.9  0.8  0.7  0.6  0.5  0.3  0.2  0.0  0.0  0.0  0.0  0.0  0.0  0.0  0.0  0.0  0.0  0.0  0.0  0.0  0.0  0.0  0.0  0.0  0.0  0.0  0.0  0.0  0.0  0.0  0.0  0.0  0.0  0.0  0.0  0.0  0.0  0.0  0.0  0.0  0.0  0.0  0.0  0.0  0.0  0.0  0.0  0.0  0.0  0.0  0.0  0.0  0.0  0.0  0.2  0.3  0.5  0.6  0.7  0.8  0.9  1.0  1.0  1.1  1.2  1.3  1.3  1.4
-37 |  1.4  1.4  1.4  1.5  1.5  1.5  1.5  1.5  1.5  1.5  1.5  1.5  1.4  1.4  1.4  1.3  1.3  1.2  1.2  1.1  1.0  0.9  0.9  0.8  0.7  0.6  0.5  0.3  0.2  0.0  0.0  0.0  0.0  0.0  0.0  0.0  0.0  0.0  0.0  0.0  0.0  0.0  0.0  0.0  0.0  0.0  0.0  0.0  0.0  0.0  0.0  0.0  0.0  0.0  0.0  0.0  0.0  0.0  0.0  0.0  0.0  0.0  0.0  0.0  0.0  0.0  0.0  0.0  0.0  0.0  0.0  0.0  0.0  0.0  0.0  0.0  0.2  0.3  0.5  0.6  0.7  0.8  0.9  0.9  1.0  1.1  1.2  1.2  1.3  1.3
-39 |  1.4  1.4  1.4  1.4  1.5  1.5  1.5  1.5  1.5  1.5  1.5  1.4  1.4  1.4  1.4  1.3  1.3  1.2  1.2  1.1  1.0  0.9  0.9  0.8  0.7  0.6  0.4  0.3  0.1  0.0  0.0  0.0  0.0  0.0  0.0  0.0  0.0  0.0  0.0  0.0  0.0  0.0  0.0  0.0  0.0  0.0  0.0  0.0  0.0  0.0  0.0  0.0  0.0  0.0  0.0  0.0  0.0  0.0  0.0  0.0  0.0  0.0  0.0  0.0  0.0  0.0  0.0  0.0  0.0  0.0  0.0  0.0  0.0  0.0  0.0  0.0  0.1  0.3  0.4  0.6  0.7  0.8  0.9  0.9  1.0  1.1  1.2  1.2  1.3  1.3
-41 |  1.3  1.4  1.4  1.4  1.4  1.4  1.4  1.4  1.4  1.4  1.4  1.4  1.4  1.4  1.3  1.3  1.2  1.2  1.1  1.0  1.0  0.9  0.8  0.7  0.6  0.5  0.4  0.3  0.1  0.0  0.0  0.0  0.0  0.0  0.0  0.0  0.0  0.0  0.0  0.0  0.0  0.0  0.0  0.0  0.0  0.0  0.0  0.0  0.0  0.0  0.0  0.0  0.0  0.0  0.0  0.0  0.0  0.0  0.0  0.0  0.0  0.0  0.0  0.0  0.0  0.0  0.0  0.0  0.0  0.0  0.0  0.0  0.0  0.0  0.0  0.0  0.1  0.3  0.4  0.5  0.6  0.7  0.8  0.9  1.0  1.0  1.1  1.2  1.2  1.3
-43 |  1.3  1.3  1.3  1.4  1.4  1.4  1.4  1.4  1.4  1.4  1.4  1.4  1.3  1.3  1.3  1.2  1.2  1.1  1.1  1.0  0.9  0.9  0.8  0.7  0.6  0.5  0.4  0.3  0.1  0.0  0.0  0.0  0.0  0.0  0.0  0.0  0.0  0.0  0.0  0.0  0.0  0.0  0.0  0.0  0.0  0.0  0.0  0.0  0.0  0.0  0.0  0.0  0.0  0.0  0.0  0.0  0.0  0.0  0.0  0.0  0.0  0.0  0.0  0.0  0.0  0.0  0.0  0.0  0.0  0.0  0.0  0.0  0.0  0.0  0.0  0.0  0.1  0.3  0.4  0.5  0.6  0.7  0.8  0.9  0.9  1.0  1.1  1.1  1.2  1.2
-45 |  1.2  1.3  1.3  1.3  1.4  1.4  1.4  1.4  1.4  1.4  1.4  1.3  1.3  1.3  1.2  1.2  1.2  1.1  1.0  1.0  0.9  0.9  0.8  0.7  0.6  0.5  0.4  0.3  0.1  0.0  0.0  0.0  0.0  0.0  0.0  0.0  0.0  0.0  0.0  0.0  0.0  0.0  0.0  0.0  0.0  0.0  0.0  0.0  0.0  0.0  0.0  0.0  0.0  0.0  0.0  0.0  0.0  0.0  0.0  0.0  0.0  0.0  0.0  0.0  0.0  0.0  0.0  0.0  0.0  0.0  0.0  0.0  0.0  0.0  0.0  0.0  0.1  0.3  0.4  0.5  0.6  0.7  0.8  0.9  0.9  1.0  1.0  1.1  1.2  1.2
-47 |  1.2  1.2  1.3  1.3  1.3  1.3  1.3  1.3  1.3  1.3  1.3  1.3  1.3  1.2  1.2  1.2  1.1  1.1  1.0  0.9  0.9  0.8  0.7  0.7  0.6  0.5  0.4  0.2  0.1  0.0  0.0  0.0  0.0  0.0  0.0  0.0  0.0  0.0  0.0  0.0  0.0  0.0  0.0  0.0  0.0  0.0  0.0  0.0  0.0  0.0  0.0  0.0  0.0  0.0  0.0  0.0  0.0  0.0  0.0  0.0  0.0  0.0  0.0  0.0  0.0  0.0  0.0  0.0  0.0  0.0  0.0  0.0  0.0  0.0  0.0  0.0  0.1  0.2  0.4  0.5  0.6  0.7  0.7  0.8  0.9  0.9  1.0  1.1  1.1  1.2
-49 |  1.2  1.2  1.2  1.2  1.3  1.3  1.3  1.3  1.3  1.3  1.3  1.2  1.2  1.2  1.2  1.1  1.1  1.0  1.0  0.9  0.9  0.8  0.7  0.6  0.6  0.4  0.3  0.2  0.1  0.0  0.0  0.0  0.0  0.0  0.0  0.0  0.0  0.0  0.0  0.0  0.0  0.0  0.0  0.0  0.0  0.0  0.0  0.0  0.0  0.0  0.0  0.0  0.0  0.0  0.0  0.0  0.0  0.0  0.0  0.0  0.0  0.0  0.0  0.0  0.0  0.0  0.0  0.0  0.0  0.0  0.0  0.0  0.0  0.0  0.0  0.0  0.1  0.2  0.3  0.4  0.6  0.6  0.7  0.8  0.9  0.9  1.0  1.0  1.1  1.1
-51 |  1.1  1.2  1.2  1.2  1.2  1.2  1.2  1.2  1.2  1.2  1.2  1.2  1.2  1.2  1.1  1.1  1.0  1.0  0.9  0.9  0.8  0.8  0.7  0.6  0.5  0.4  0.3  0.2  0.0  0.0  0.0  0.0  0.0  0.0  0.0  0.0  0.0  0.0  0.0  0.0  0.0  0.0  0.0  0.0  0.0  0.0  0.0  0.0  0.0  0.0  0.0  0.0  0.0  0.0  0.0  0.0  0.0  0.0  0.0  0.0  0.0  0.0  0.0  0.0  0.0  0.0  0.0  0.0  0.0  0.0  0.0  0.0  0.0  0.0  0.0  0.0  0.0  0.2  0.3  0.4  0.5  0.6  0.7  0.8  0.8  0.9  0.9  1.0  1.0  1.1
-53 |  1.1  1.1  1.1  1.2  1.2  1.2  1.2  1.2  1.2  1.2  1.2  1.2  1.1  1.1  1.1  1.0  1.0  0.9  0.9  0.9  0.8  0.7  0.7  0.6  0.5  0.4  0.3  0.2  0.0  0.0  0.0  0.0  0.0  0.0  0.0  0.0  0.0  0.0  0.0  0.0  0.0  0.0  0.0  0.0  0.0  0.0  0.0  0.0  0.0  0.0  0.0  0.0  0.0  0.0  0.0  0.0  0.0  0.0  0.0  0.0  0.0  0.0  0.0  0.0  0.0  0.0  0.0  0.0  0.0  0.0  0.0  0.0  0.0  0.0  0.0  0.0  0.0  0.2  0.3  0.4  0.5  0.6  0.7  0.7  0.8  0.9  0.9  0.9  1.0  1.0
-55 |  1.0  1.1  1.1  1.1  1.1  1.1  1.2  1.2  1.2  1.1  1.1  1.1  1.1  1.1  1.0  1.0  1.0  0.9  0.9  0.8  0.8  0.7  0.6  0.6  0.5  0.4  0.3  0.2  0.0  0.0  0.0  0.0  0.0  0.0  0.0  0.0  0.0  0.0  0.0  0.0  0.0  0.0  0.0  0.0  0.0  0.0  0.0  0.0  0.0  0.0  0.0  0.0  0.0  0.0  0.0  0.0  0.0  0.0  0.0  0.0  0.0  0.0  0.0  0.0  0.0  0.0  0.0  0.0  0.0  0.0  0.0  0.0  0.0  0.0  0.0  0.0  0.0  0.2  0.3  0.4  0.5  0.6  0.6  0.7  0.8  0.8  0.9  0.9  1.0  1.0
-57 |  1.0  1.0  1.0  1.0  1.1  1.1  1.1  1.1  1.1  1.1  1.1  1.0  1.0  1.0  1.0  0.9  0.9  0.9  0.8  0.8  0.7  0.7  0.6  0.5  0.4  0.3  0.3  0.1  0.0  0.0  0.0  0.0  0.0  0.0  0.0  0.0  0.0  0.0  0.0  0.0  0.0  0.0  0.0  0.0  0.0  0.0  0.0  0.0  0.0  0.0  0.0  0.0  0.0  0.0  0.0  0.0  0.0  0.0  0.0  0.0  0.0  0.0  0.0  0.0  0.0  0.0  0.0  0.0  0.0  0.0  0.0  0.0  0.0  0.0  0.0  0.0  0.0  0.1  0.3  0.3  0.4  0.5  0.6  0.7  0.7  0.8  0.8  0.9  0.9  0.9
-59 |  0.9  1.0  1.0  1.0  1.0  1.0  1.0  1.0  1.0  1.0  1.0  1.0  1.0  1.0  0.9  0.9  0.9  0.8  0.8  0.7  0.7  0.6  0.6  0.5  0.4  0.3  0.2  0.1  0.0  0.0  0.0  0.0  0.0  0.0  0.0  0.0  0.0  0.0  0.0  0.0  0.0  0.0  0.0  0.0  0.0  0.0  0.0  0.0  0.0  0.0  0.0  0.0  0.0  0.0  0.0  0.0  0.0  0.0  0.0  0.0  0.0  0.0  0.0  0.0  0.0  0.0  0.0  0.0  0.0  0.0  0.0  0.0  0.0  0.0  0.0  0.0  0.0  0.1  0.2  0.3  0.4  0.5  0.6  0.6  0.7  0.7  0.8  0.8  0.9  0.9
-61 |  0.9  0.9  0.9  0.9  1.0  1.0  1.0  1.0  1.0  1.0  1.0  0.9  0.9  0.9  0.9  0.9  0.8  0.8  0.7  0.7  0.6  0.6  0.5  0.4  0.4  0.3  0.2  0.1  0.0  0.0  0.0  0.0  0.0  0.0  0.0  0.0  0.0  0.0  0.0  0.0  0.0  0.0  0.0  0.0  0.0  0.0  0.0  0.0  0.0  0.0  0.0  0.0  0.0  0.0  0.0  0.0  0.0  0.0  0.0  0.0  0.0  0.0  0.0  0.0  0.0  0.0  0.0  0.0  0.0  0.0  0.0  0.0  0.0  0.0  0.0  0.0  0.0  0.1  0.2  0.3  0.4  0.4  0.5  0.6  0.6  0.7  0.7  0.8  0.8  0.9
-63 |  0.8  0.9  0.9  0.9  0.9  0.9  0.9  0.9  0.9  0.9  0.9  0.9  0.9  0.9  0.8  0.8  0.8  0.7  0.7  0.6  0.6  0.5  0.5  0.4  0.3  0.3  0.2  0.1  0.0  0.0  0.0  0.0  0.0  0.0  0.0  0.0  0.0  0.0  0.0  0.0  0.0  0.0  0.0  0.0  0.0  0.0  0.0  0.0  0.0  0.0  0.0  0.0  0.0  0.0  0.0  0.0  0.0  0.0  0.0  0.0  0.0  0.0  0.0  0.0  0.0  0.0  0.0  0.0  0.0  0.0  0.0  0.0  0.0  0.0  0.0  0.0  0.0  0.1  0.2  0.3  0.3  0.4  0.5  0.5  0.6  0.6  0.7  0.7  0.8  0.8
-65 |  0.8  0.8  0.8  0.8  0.9  0.9  0.9  0.9  0.9  0.9  0.9  0.8  0.8  0.8  0.8  0.7  0.7  0.7  0.6  0.6  0.6  0.5  0.4  0.4  0.3  0.2  0.2  0.0  0.0  0.0  0.0  0.0  0.0  0.0  0.0  0.0  0.0  0.0  0.0  0.0  0.0  0.0  0.0  0.0  0.0  0.0  0.0  0.0  0.0  0.0  0.0  0.0  0.0  0.0  0.0  0.0  0.0  0.0  0.0  0.0  0.0  0.0  0.0  0.0  0.0  0.0  0.0  0.0  0.0  0.0  0.0  0.0  0.0  0.0  0.0  0.0  0.0  0.0  0.2  0.2  0.3  0.4  0.4  0.5  0.6  0.6  0.6  0.7  0.7  0.7
-67 |  0.7  0.7  0.8  0.8  0.8  0.8  0.8  0.8  0.8  0.8  0.8  0.8  0.8  0.7  0.7  0.7  0.7  0.6  0.6  0.6  0.5  0.5  0.4  0.3  0.3  0.2  0.1  0.0  0.0  0.0  0.0  0.0  0.0  0.0  0.0  0.0  0.0  0.0  0.0  0.0  0.0  0.0  0.0  0.0  0.0  0.0  0.0  0.0  0.0  0.0  0.0  0.0  0.0  0.0  0.0  0.0  0.0  0.0  0.0  0.0  0.0  0.0  0.0  0.0  0.0  0.0  0.0  0.0  0.0  0.0  0.0  0.0  0.0  0.0  0.0  0.0  0.0  0.0  0.1  0.2  0.3  0.3  0.4  0.5  0.5  0.6  0.6  0.6  0.7  0.7
-69 |  0.7  0.7  0.7  0.7  0.7  0.7  0.7  0.7  0.7  0.7  0.7  0.7  0.7  0.7  0.7  0.6  0.6  0.6  0.6  0.5  0.5  0.4  0.4  0.3  0.2  0.2  0.1  0.0  0.0  0.0  0.0  0.0  0.0  0.0  0.0  0.0  0.0  0.0  0.0  0.0  0.0  0.0  0.0  0.0  0.0  0.0  0.0  0.0  0.0  0.0  0.0  0.0  0.0  0.0  0.0  0.0  0.0  0.0  0.0  0.0  0.0  0.0  0.0  0.0  0.0  0.0  0.0  0.0  0.0  0.0  0.0  0.0  0.0  0.0  0.0  0.0  0.0  0.0  0.1  0.2  0.2  0.3  0.4  0.4  0.5  0.5  0.6  0.6  0.6  0.6
-71 |  0.6  0.6  0.6  0.7  0.7  0.7  0.7  0.7  0.7  0.7  0.7  0.7  0.6  0.6  0.6  0.6  0.6  0.5  0.5  0.4  0.4  0.4  0.3  0.3  0.2  0.1  0.1  0.0  0.0  0.0  0.0  0.0  0.0  0.0  0.0  0.0  0.0  0.0  0.0  0.0  0.0  0.0  0.0  0.0  0.0  0.0  0.0  0.0  0.0  0.0  0.0  0.0  0.0  0.0  0.0  0.0  0.0  0.0  0.0  0.0  0.0  0.0  0.0  0.0  0.0  0.0  0.0  0.0  0.0  0.0  0.0  0.0  0.0  0.0  0.0  0.0  0.0  0.0  0.1  0.1  0.2  0.3  0.3  0.4  0.4  0.4  0.5  0.5  0.6  0.6
-73 |  0.5  0.6  0.6  0.6  0.6  0.6  0.6  0.6  0.6  0.6  0.6  0.6  0.6  0.6  0.5  0.5  0.5  0.5  0.4  0.4  0.4  0.3  0.3  0.2  0.2  0.1  0.0  0.0  0.0  0.0  0.0  0.0  0.0  0.0  0.0  0.0  0.0  0.0  0.0  0.0  0.0  0.0  0.0  0.0  0.0  0.0  0.0  0.0  0.0  0.0  0.0  0.0  0.0  0.0  0.0  0.0  0.0  0.0  0.0  0.0  0.0  0.0  0.0  0.0  0.0  0.0  0.0  0.0  0.0  0.0  0.0  0.0  0.0  0.0  0.0  0.0  0.0  0.0  0.0  0.1  0.2  0.2  0.3  0.3  0.4  0.4  0.4  0.5  0.5  0.5
-75 |  0.5  0.5  0.5  0.5  0.5  0.5  0.5  0.5  0.5  0.5  0.5  0.5  0.5  0.5  0.5  0.4  0.4  0.4  0.4  0.3  0.3  0.3  0.2  0.2  0.1  0.0  0.0  0.0  0.0  0.0  0.0  0.0  0.0  0.0  0.0  0.0  0.0  0.0  0.0  0.0  0.0  0.0  0.0  0.0  0.0  0.0  0.0  0.0  0.0  0.0  0.0  0.0  0.0  0.0  0.0  0.0  0.0  0.0  0.0  0.0  0.0  0.0  0.0  0.0  0.0  0.0  0.0  0.0  0.0  0.0  0.0  0.0  0.0  0.0  0.0  0.0  0.0  0.0  0.0  0.0  0.1  0.2  0.2  0.3  0.3  0.3  0.4  0.4  0.4  0.4
-77 |  0.4  0.4  0.4  0.4  0.4  0.5  0.5  0.5  0.5  0.5  0.4  0.4  0.4  0.4  0.4  0.4  0.4  0.3  0.3  0.3  0.2  0.2  0.2  0.1  0.1  0.0  0.0  0.0  0.0  0.0  0.0  0.0  0.0  0.0  0.0  0.0  0.0  0.0  0.0  0.0  0.0  0.0  0.0  0.0  0.0  0.0  0.0  0.0  0.0  0.0  0.0  0.0  0.0  0.0  0.0  0.0  0.0  0.0  0.0  0.0  0.0  0.0  0.0  0.0  0.0  0.0  0.0  0.0  0.0  0.0  0.0  0.0  0.0  0.0  0.0  0.0  0.0  0.0  0.0  0.0  0.1  0.1  0.2  0.2  0.2  0.3  0.3  0.3  0.4  0.4
-79 |  0.3  0.3  0.4  0.4  0.4  0.4  0.4  0.4  0.4  0.4  0.4  0.4  0.4  0.3  0.3  0.3  0.3  0.3  0.2  0.2  0.2  0.1  0.1  0.1  0.0  0.0  0.0  0.0  0.0  0.0  0.0  0.0  0.0  0.0  0.0  0.0  0.0  0.0  0.0  0.0  0.0  0.0  0.0  0.0  0.0  0.0  0.0  0.0  0.0  0.0  0.0  0.0  0.0  0.0  0.0  0.0  0.0  0.0  0.0  0.0  0.0  0.0  0.0  0.0  0.0  0.0  0.0  0.0  0.0  0.0  0.0  0.0  0.0  0.0  0.0  0.0  0.0  0.0  0.0  0.0  0.0  0.1  0.1  0.1  0.2  0.2  0.2  0.3  0.3  0.3
-81 |  0.2  0.3  0.3  0.3  0.3  0.3  0.3  0.3  0.3  0.3  0.3  0.3  0.3  0.3  0.2  0.2  0.2  0.2  0.2  0.1  0.1  0.1  0.0  0.0  0.0  0.0  0.0  0.0  0.0  0.0  0.0  0.0  0.0  0.0  0.0  0.0  0.0  0.0  0.0  0.0  0.0  0.0  0.0  0.0  0.0  0.0  0.0  0.0  0.0  0.0  0.0  0.0  0.0  0.0  0.0  0.0  0.0  0.0  0.0  0.0  0.0  0.0  0.0  0.0  0.0  0.0  0.0  0.0  0.0  0.0  0.0  0.0  0.0  0.0  0.0  0.0  0.0  0.0  0.0  0.0  0.0  0.0  0.0  0.1  0.1  0.1  0.2  0.2  0.2  0.2
-83 |  0.1  0.2  0.2  0.2  0.2  0.2  0.2  0.2  0.2  0.2  0.2  0.2  0.2  0.2  0.1  0.1  0.1  0.1  0.1  0.0  0.0  0.0  0.0  0.0  0.0  0.0  0.0  0.0  0.0  0.0  0.0  0.0  0.0  0.0  0.0  0.0  0.0  0.0  0.0  0.0  0.0  0.0  0.0  0.0  0.0  0.0  0.0  0.0  0.0  0.0  0.0  0.0  0.0  0.0  0.0  0.0  0.0  0.0  0.0  0.0  0.0  0.0  0.0  0.0  0.0  0.0  0.0  0.0  0.0  0.0  0.0  0.0  0.0  0.0  0.0  0.0  0.0  0.0  0.0  0.0  0.0  0.0  0.0  0.0  0.0  0.0  0.1  0.1  0.1  0.1
-85 |  0.0  0.0  0.0  0.1  0.1  0.1  0.1  0.1  0.1  0.1  0.1  0.1  0.0  0.0  0.0  0.0  0.0  0.0  0.0  0.0  0.0  0.0  0.0  0.0  0.0  0.0  0.0  0.0  0.0  0.0  0.0  0.0  0.0  0.0  0.0  0.0  0.0  0.0  0.0  0.0  0.0  0.0  0.0  0.0  0.0  0.0  0.0  0.0  0.0  0.0  0.0  0.0  0.0  0.0  0.0  0.0  0.0  0.0  0.0  0.0  0.0  0.0  0.0  0.0  0.0  0.0  0.0  0.0  0.0  0.0  0.0  0.0  0.0  0.0  0.0  0.0  0.0  0.0  0.0  0.0  0.0  0.0  0.0  0.0  0.0  0.0  0.0  0.0  0.0  0.0
-87 |  0.0  0.0  0.0  0.0  0.0  0.0  0.0  0.0  0.0  0.0  0.0  0.0  0.0  0.0  0.0  0.0  0.0  0.0  0.0  0.0  0.0  0.0  0.0  0.0  0.0  0.0  0.0  0.0  0.0  0.0  0.0  0.0  0.0  0.0  0.0  0.0  0.0  0.0  0.0  0.0  0.0  0.0  0.0  0.0  0.0  0.0  0.0  0.0  0.0  0.0  0.0  0.0  0.0  0.0  0.0  0.0  0.0  0.0  0.0  0.0  0.0  0.0  0.0  0.0  0.0  0.0  0.0  0.0  0.0  0.0  0.0  0.0  0.0  0.0  0.0  0.0  0.0  0.0  0.0  0.0  0.0  0.0  0.0  0.0  0.0  0.0  0.0  0.0  0.0  0.0
-89 |  0.0  0.0  0.0  0.0  0.0  0.0  0.0  0.0  0.0  0.0  0.0  0.0  0.0  0.0  0.0  0.0  0.0  0.0  0.0  0.0  0.0  0.0  0.0  0.0  0.0  0.0  0.0  0.0  0.0  0.0  0.0  0.0  0.0  0.0  0.0  0.0  0.0  0.0  0.0  0.0  0.0  0.0  0.0  0.0  0.0  0.0  0.0  0.0  0.0  0.0  0.0  0.0  0.0  0.0  0.0  0.0  0.0  0.0  0.0  0.0  0.0  0.0  0.0  0.0  0.0  0.0  0.0  0.0  0.0  0.0  0.0  0.0  0.0  0.0  0.0  0.0  0.0  0.0  0.0  0.0  0.0  0.0  0.0  0.0  0.0  0.0  0.0  0.0  0.0  0.0
