# DRAP Tabular Values
# Product: D-Region Absorption         S:\DRAP Archive\SWX_DRAP20_C_SWPC_20150101230000_GLOBAL.txt
# Product Valid At : 2015-01-01 23:00 UTC
#
# Prepared by the U.S. Dept. of Commerce, NOAA, Space Weather Prediction Center.
# Please send comments and suggestions to SWPC.Webmaster@noaa.gov
#
# Estimated Recovery Time : No Estimate
#
#  X-RAY Message : Normal X-ray Background
#
#  X-RAY Warning :  
#
#  Proton Message : Normal Proton Background
#
#  Proton Warning : 
#
# Frequency (MHz) as a function of Latitude and Longitude
#
      -178 -174 -170 -166 -162 -158 -154 -150 -146 -142 -138 -134 -130 -126 -122 -118 -114 -110 -106 -102  -98  -94  -90  -86  -82  -78  -74  -70  -66  -62  -58  -54  -50  -46  -42  -38  -34  -30  -26  -22  -18  -14  -10   -6   -2    2    6   10   14   18   22   26   30   34   38   42   46   50   54   58   62   66   70   74   78   82   86   90   94   98  102  106  110  114  118  122  126  130  134  138  142  146  150  154  158  162  166  170  174  178
------------------------------------------------------------------------------------------------------------------------------------------------------------------------------------------------------------------------------------------------------------------------------------------------------------------------------------------------------------------------------------------------------------------------------------------------------------------------
 89 |  0.0  0.0  0.0  0.0  0.0  0.0  0.0  0.0  0.0  0.0  0.0  0.0  0.0  0.0  0.0  0.0  0.0  0.0  0.0  0.0  0.0  0.0  0.0  0.0  0.0  0.0  0.0  0.0  0.0  0.0  0.0  0.0  0.0  0.0  0.0  0.0  0.0  0.0  0.0  0.0  0.0  0.0  0.0  0.0  0.0  0.0  0.0  0.0  0.0  0.0  0.0  0.0  0.0  0.0  0.0  0.0  0.0  0.0  0.0  0.0  0.0  0.0  0.0  0.0  0.0  0.0  0.0  0.0  0.0  0.0  0.0  0.0  0.0  0.0  0.0  0.0  0.0  0.0  0.0  0.0  0.0  0.0  0.0  0.0  0.0  0.0  0.0  0.0  0.0  0.0
 87 |  0.0  0.0  0.0  0.0  0.0  0.0  0.0  0.0  0.0  0.0  0.0  0.0  0.0  0.0  0.0  0.0  0.0  0.0  0.0  0.0  0.0  0.0  0.0  0.0  0.0  0.0  0.0  0.0  0.0  0.0  0.0  0.0  0.0  0.0  0.0  0.0  0.0  0.0  0.0  0.0  0.0  0.0  0.0  0.0  0.0  0.0  0.0  0.0  0.0  0.0  0.0  0.0  0.0  0.0  0.0  0.0  0.0  0.0  0.0  0.0  0.0  0.0  0.0  0.0  0.0  0.0  0.0  0.0  0.0  0.0  0.0  0.0  0.0  0.0  0.0  0.0  0.0  0.0  0.0  0.0  0.0  0.0  0.0  0.0  0.0  0.0  0.0  0.0  0.0  0.0
 85 |  0.0  0.0  0.0  0.0  0.0  0.0  0.0  0.0  0.0  0.0  0.0  0.0  0.0  0.0  0.0  0.0  0.0  0.0  0.0  0.0  0.0  0.0  0.0  0.0  0.0  0.0  0.0  0.0  0.0  0.0  0.0  0.0  0.0  0.0  0.0  0.0  0.0  0.0  0.0  0.0  0.0  0.0  0.0  0.0  0.0  0.0  0.0  0.0  0.0  0.0  0.0  0.0  0.0  0.0  0.0  0.0  0.0  0.0  0.0  0.0  0.0  0.0  0.0  0.0  0.0  0.0  0.0  0.0  0.0  0.0  0.0  0.0  0.0  0.0  0.0  0.0  0.0  0.0  0.0  0.0  0.0  0.0  0.0  0.0  0.0  0.0  0.0  0.0  0.0  0.0
 83 |  0.0  0.0  0.0  0.0  0.0  0.0  0.0  0.0  0.0  0.0  0.0  0.0  0.0  0.0  0.0  0.0  0.0  0.0  0.0  0.0  0.0  0.0  0.0  0.0  0.0  0.0  0.0  0.0  0.0  0.0  0.0  0.0  0.0  0.0  0.0  0.0  0.0  0.0  0.0  0.0  0.0  0.0  0.0  0.0  0.0  0.0  0.0  0.0  0.0  0.0  0.0  0.0  0.0  0.0  0.0  0.0  0.0  0.0  0.0  0.0  0.0  0.0  0.0  0.0  0.0  0.0  0.0  0.0  0.0  0.0  0.0  0.0  0.0  0.0  0.0  0.0  0.0  0.0  0.0  0.0  0.0  0.0  0.0  0.0  0.0  0.0  0.0  0.0  0.0  0.0
 81 |  0.0  0.0  0.0  0.0  0.0  0.0  0.0  0.0  0.0  0.0  0.0  0.0  0.0  0.0  0.0  0.0  0.0  0.0  0.0  0.0  0.0  0.0  0.0  0.0  0.0  0.0  0.0  0.0  0.0  0.0  0.0  0.0  0.0  0.0  0.0  0.0  0.0  0.0  0.0  0.0  0.0  0.0  0.0  0.0  0.0  0.0  0.0  0.0  0.0  0.0  0.0  0.0  0.0  0.0  0.0  0.0  0.0  0.0  0.0  0.0  0.0  0.0  0.0  0.0  0.0  0.0  0.0  0.0  0.0  0.0  0.0  0.0  0.0  0.0  0.0  0.0  0.0  0.0  0.0  0.0  0.0  0.0  0.0  0.0  0.0  0.0  0.0  0.0  0.0  0.0
 79 |  0.0  0.0  0.0  0.0  0.0  0.0  0.0  0.0  0.0  0.0  0.0  0.0  0.0  0.0  0.0  0.0  0.0  0.0  0.0  0.0  0.0  0.0  0.0  0.0  0.0  0.0  0.0  0.0  0.0  0.0  0.0  0.0  0.0  0.0  0.0  0.0  0.0  0.0  0.0  0.0  0.0  0.0  0.0  0.0  0.0  0.0  0.0  0.0  0.0  0.0  0.0  0.0  0.0  0.0  0.0  0.0  0.0  0.0  0.0  0.0  0.0  0.0  0.0  0.0  0.0  0.0  0.0  0.0  0.0  0.0  0.0  0.0  0.0  0.0  0.0  0.0  0.0  0.0  0.0  0.0  0.0  0.0  0.0  0.0  0.0  0.0  0.0  0.0  0.0  0.0
 77 |  0.0  0.0  0.0  0.0  0.0  0.0  0.0  0.0  0.0  0.0  0.0  0.0  0.0  0.0  0.0  0.0  0.0  0.0  0.0  0.0  0.0  0.0  0.0  0.0  0.0  0.0  0.0  0.0  0.0  0.0  0.0  0.0  0.0  0.0  0.0  0.0  0.0  0.0  0.0  0.0  0.0  0.0  0.0  0.0  0.0  0.0  0.0  0.0  0.0  0.0  0.0  0.0  0.0  0.0  0.0  0.0  0.0  0.0  0.0  0.0  0.0  0.0  0.0  0.0  0.0  0.0  0.0  0.0  0.0  0.0  0.0  0.0  0.0  0.0  0.0  0.0  0.0  0.0  0.0  0.0  0.0  0.0  0.0  0.0  0.0  0.0  0.0  0.0  0.0  0.0
 75 |  0.0  0.0  0.0  0.0  0.0  0.0  0.0  0.0  0.0  0.0  0.0  0.0  0.0  0.0  0.0  0.0  0.0  0.0  0.0  0.0  0.0  0.0  0.0  0.0  0.0  0.0  0.0  0.0  0.0  0.0  0.0  0.0  0.0  0.0  0.0  0.0  0.0  0.0  0.0  0.0  0.0  0.0  0.0  0.0  0.0  0.0  0.0  0.0  0.0  0.0  0.0  0.0  0.0  0.0  0.0  0.0  0.0  0.0  0.0  0.0  0.0  0.0  0.0  0.0  0.0  0.0  0.0  0.0  0.0  0.0  0.0  0.0  0.0  0.0  0.0  0.0  0.0  0.0  0.0  0.0  0.0  0.0  0.0  0.0  0.0  0.0  0.0  0.0  0.0  0.0
 73 |  0.0  0.0  0.0  0.0  0.0  0.0  0.0  0.0  0.0  0.0  0.0  0.0  0.0  0.0  0.0  0.0  0.0  0.0  0.0  0.0  0.0  0.0  0.0  0.0  0.0  0.0  0.0  0.0  0.0  0.0  0.0  0.0  0.0  0.0  0.0  0.0  0.0  0.0  0.0  0.0  0.0  0.0  0.0  0.0  0.0  0.0  0.0  0.0  0.0  0.0  0.0  0.0  0.0  0.0  0.0  0.0  0.0  0.0  0.0  0.0  0.0  0.0  0.0  0.0  0.0  0.0  0.0  0.0  0.0  0.0  0.0  0.0  0.0  0.0  0.0  0.0  0.0  0.0  0.0  0.0  0.0  0.0  0.0  0.0  0.0  0.0  0.0  0.0  0.0  0.0
 71 |  0.0  0.0  0.0  0.0  0.0  0.0  0.0  0.0  0.0  0.0  0.0  0.0  0.0  0.0  0.0  0.0  0.0  0.0  0.0  0.0  0.0  0.0  0.0  0.0  0.0  0.0  0.0  0.0  0.0  0.0  0.0  0.0  0.0  0.0  0.0  0.0  0.0  0.0  0.0  0.0  0.0  0.0  0.0  0.0  0.0  0.0  0.0  0.0  0.0  0.0  0.0  0.0  0.0  0.0  0.0  0.0  0.0  0.0  0.0  0.0  0.0  0.0  0.0  0.0  0.0  0.0  0.0  0.0  0.0  0.0  0.0  0.0  0.0  0.0  0.0  0.0  0.0  0.0  0.0  0.0  0.0  0.0  0.0  0.0  0.0  0.0  0.0  0.0  0.0  0.0
 69 |  0.0  0.0  0.0  0.0  0.0  0.0  0.0  0.0  0.0  0.0  0.0  0.0  0.0  0.0  0.0  0.0  0.0  0.0  0.0  0.0  0.0  0.0  0.0  0.0  0.0  0.0  0.0  0.0  0.0  0.0  0.0  0.0  0.0  0.0  0.0  0.0  0.0  0.0  0.0  0.0  0.0  0.0  0.0  0.0  0.0  0.0  0.0  0.0  0.0  0.0  0.0  0.0  0.0  0.0  0.0  0.0  0.0  0.0  0.0  0.0  0.0  0.0  0.0  0.0  0.0  0.0  0.0  0.0  0.0  0.0  0.0  0.0  0.0  0.0  0.0  0.0  0.0  0.0  0.0  0.0  0.0  0.0  0.0  0.0  0.0  0.0  0.0  0.0  0.0  0.0
 67 |  0.0  0.0  0.0  0.0  0.0  0.0  0.0  0.0  0.0  0.0  0.0  0.0  0.0  0.0  0.0  0.0  0.0  0.0  0.0  0.0  0.0  0.0  0.0  0.0  0.0  0.0  0.0  0.0  0.0  0.0  0.0  0.0  0.0  0.0  0.0  0.0  0.0  0.0  0.0  0.0  0.0  0.0  0.0  0.0  0.0  0.0  0.0  0.0  0.0  0.0  0.0  0.0  0.0  0.0  0.0  0.0  0.0  0.0  0.0  0.0  0.0  0.0  0.0  0.0  0.0  0.0  0.0  0.0  0.0  0.0  0.0  0.0  0.0  0.0  0.0  0.0  0.0  0.0  0.0  0.0  0.0  0.0  0.0  0.0  0.0  0.0  0.0  0.0  0.0  0.0
 65 |  0.2  0.2  0.2  0.3  0.2  0.2  0.2  0.2  0.1  0.0  0.0  0.0  0.0  0.0  0.0  0.0  0.0  0.0  0.0  0.0  0.0  0.0  0.0  0.0  0.0  0.0  0.0  0.0  0.0  0.0  0.0  0.0  0.0  0.0  0.0  0.0  0.0  0.0  0.0  0.0  0.0  0.0  0.0  0.0  0.0  0.0  0.0  0.0  0.0  0.0  0.0  0.0  0.0  0.0  0.0  0.0  0.0  0.0  0.0  0.0  0.0  0.0  0.0  0.0  0.0  0.0  0.0  0.0  0.0  0.0  0.0  0.0  0.0  0.0  0.0  0.0  0.0  0.0  0.0  0.0  0.0  0.0  0.0  0.0  0.0  0.0  0.0  0.0  0.1  0.1
 63 |  0.4  0.4  0.4  0.4  0.4  0.4  0.4  0.4  0.3  0.3  0.2  0.1  0.0  0.0  0.0  0.0  0.0  0.0  0.0  0.0  0.0  0.0  0.0  0.0  0.0  0.0  0.0  0.0  0.0  0.0  0.0  0.0  0.0  0.0  0.0  0.0  0.0  0.0  0.0  0.0  0.0  0.0  0.0  0.0  0.0  0.0  0.0  0.0  0.0  0.0  0.0  0.0  0.0  0.0  0.0  0.0  0.0  0.0  0.0  0.0  0.0  0.0  0.0  0.0  0.0  0.0  0.0  0.0  0.0  0.0  0.0  0.0  0.0  0.0  0.0  0.0  0.0  0.0  0.0  0.0  0.0  0.0  0.0  0.0  0.0  0.0  0.1  0.2  0.3  0.3
 61 |  0.5  0.6  0.6  0.6  0.6  0.6  0.6  0.5  0.5  0.4  0.4  0.3  0.2  0.1  0.0  0.0  0.0  0.0  0.0  0.0  0.0  0.0  0.0  0.0  0.0  0.0  0.0  0.0  0.0  0.0  0.0  0.0  0.0  0.0  0.0  0.0  0.0  0.0  0.0  0.0  0.0  0.0  0.0  0.0  0.0  0.0  0.0  0.0  0.0  0.0  0.0  0.0  0.0  0.0  0.0  0.0  0.0  0.0  0.0  0.0  0.0  0.0  0.0  0.0  0.0  0.0  0.0  0.0  0.0  0.0  0.0  0.0  0.0  0.0  0.0  0.0  0.0  0.0  0.0  0.0  0.0  0.0  0.0  0.0  0.1  0.2  0.3  0.4  0.5  0.5
 59 |  0.7  0.7  0.7  0.7  0.7  0.7  0.7  0.7  0.6  0.6  0.5  0.4  0.3  0.2  0.1  0.0  0.0  0.0  0.0  0.0  0.0  0.0  0.0  0.0  0.0  0.0  0.0  0.0  0.0  0.0  0.0  0.0  0.0  0.0  0.0  0.0  0.0  0.0  0.0  0.0  0.0  0.0  0.0  0.0  0.0  0.0  0.0  0.0  0.0  0.0  0.0  0.0  0.0  0.0  0.0  0.0  0.0  0.0  0.0  0.0  0.0  0.0  0.0  0.0  0.0  0.0  0.0  0.0  0.0  0.0  0.0  0.0  0.0  0.0  0.0  0.0  0.0  0.0  0.0  0.0  0.0  0.0  0.0  0.2  0.3  0.4  0.5  0.6  0.6  0.6
 57 |  0.8  0.8  0.9  0.9  0.9  0.8  0.8  0.8  0.8  0.7  0.6  0.6  0.5  0.4  0.3  0.1  0.0  0.0  0.0  0.0  0.0  0.0  0.0  0.0  0.0  0.0  0.0  0.0  0.0  0.0  0.0  0.0  0.0  0.0  0.0  0.0  0.0  0.0  0.0  0.0  0.0  0.0  0.0  0.0  0.0  0.0  0.0  0.0  0.0  0.0  0.0  0.0  0.0  0.0  0.0  0.0  0.0  0.0  0.0  0.0  0.0  0.0  0.0  0.0  0.0  0.0  0.0  0.0  0.0  0.0  0.0  0.0  0.0  0.0  0.0  0.0  0.0  0.0  0.0  0.0  0.0  0.0  0.2  0.3  0.4  0.5  0.6  0.7  0.7  0.8
 55 |  0.9  1.0  1.0  1.0  1.0  1.0  0.9  0.9  0.9  0.8  0.8  0.7  0.6  0.5  0.4  0.3  0.1  0.0  0.0  0.0  0.0  0.0  0.0  0.0  0.0  0.0  0.0  0.0  0.0  0.0  0.0  0.0  0.0  0.0  0.0  0.0  0.0  0.0  0.0  0.0  0.0  0.0  0.0  0.0  0.0  0.0  0.0  0.0  0.0  0.0  0.0  0.0  0.0  0.0  0.0  0.0  0.0  0.0  0.0  0.0  0.0  0.0  0.0  0.0  0.0  0.0  0.0  0.0  0.0  0.0  0.0  0.0  0.0  0.0  0.0  0.0  0.0  0.0  0.0  0.0  0.0  0.2  0.3  0.5  0.6  0.7  0.7  0.8  0.9  0.9
 53 |  1.0  1.1  1.1  1.1  1.1  1.1  1.1  1.0  1.0  0.9  0.9  0.8  0.7  0.6  0.5  0.4  0.3  0.1  0.0  0.0  0.0  0.0  0.0  0.0  0.0  0.0  0.0  0.0  0.0  0.0  0.0  0.0  0.0  0.0  0.0  0.0  0.0  0.0  0.0  0.0  0.0  0.0  0.0  0.0  0.0  0.0  0.0  0.0  0.0  0.0  0.0  0.0  0.0  0.0  0.0  0.0  0.0  0.0  0.0  0.0  0.0  0.0  0.0  0.0  0.0  0.0  0.0  0.0  0.0  0.0  0.0  0.0  0.0  0.0  0.0  0.0  0.0  0.0  0.0  0.0  0.2  0.3  0.5  0.6  0.7  0.8  0.9  0.9  1.0  1.0
 51 |  1.2  1.2  1.2  1.2  1.2  1.2  1.2  1.2  1.1  1.0  1.0  0.9  0.9  0.8  0.6  0.5  0.4  0.2  0.0  0.0  0.0  0.0  0.0  0.0  0.0  0.0  0.0  0.0  0.0  0.0  0.0  0.0  0.0  0.0  0.0  0.0  0.0  0.0  0.0  0.0  0.0  0.0  0.0  0.0  0.0  0.0  0.0  0.0  0.0  0.0  0.0  0.0  0.0  0.0  0.0  0.0  0.0  0.0  0.0  0.0  0.0  0.0  0.0  0.0  0.0  0.0  0.0  0.0  0.0  0.0  0.0  0.0  0.0  0.0  0.0  0.0  0.0  0.0  0.0  0.1  0.3  0.5  0.6  0.7  0.8  0.9  1.0  1.0  1.1  1.1
 49 |  1.3  1.3  1.3  1.3  1.3  1.3  1.3  1.2  1.2  1.2  1.1  1.0  0.9  0.9  0.8  0.6  0.5  0.3  0.1  0.0  0.0  0.0  0.0  0.0  0.0  0.0  0.0  0.0  0.0  0.0  0.0  0.0  0.0  0.0  0.0  0.0  0.0  0.0  0.0  0.0  0.0  0.0  0.0  0.0  0.0  0.0  0.0  0.0  0.0  0.0  0.0  0.0  0.0  0.0  0.0  0.0  0.0  0.0  0.0  0.0  0.0  0.0  0.0  0.0  0.0  0.0  0.0  0.0  0.0  0.0  0.0  0.0  0.0  0.0  0.0  0.0  0.0  0.0  0.0  0.2  0.4  0.6  0.7  0.8  0.9  1.0  1.1  1.1  1.2  1.2
 47 |  1.4  1.4  1.4  1.4  1.4  1.4  1.4  1.4  1.3  1.3  1.2  1.1  1.0  1.0  0.9  0.7  0.6  0.4  0.3  0.0  0.0  0.0  0.0  0.0  0.0  0.0  0.0  0.0  0.0  0.0  0.0  0.0  0.0  0.0  0.0  0.0  0.0  0.0  0.0  0.0  0.0  0.0  0.0  0.0  0.0  0.0  0.0  0.0  0.0  0.0  0.0  0.0  0.0  0.0  0.0  0.0  0.0  0.0  0.0  0.0  0.0  0.0  0.0  0.0  0.0  0.0  0.0  0.0  0.0  0.0  0.0  0.0  0.0  0.0  0.0  0.0  0.0  0.0  0.2  0.4  0.5  0.7  0.8  0.9  1.0  1.1  1.2  1.2  1.3  1.3
 45 |  1.5  1.5  1.5  1.5  1.5  1.5  1.5  1.5  1.4  1.4  1.3  1.2  1.2  1.0  0.9  0.8  0.7  0.6  0.4  0.2  0.0  0.0  0.0  0.0  0.0  0.0  0.0  0.0  0.0  0.0  0.0  0.0  0.0  0.0  0.0  0.0  0.0  0.0  0.0  0.0  0.0  0.0  0.0  0.0  0.0  0.0  0.0  0.0  0.0  0.0  0.0  0.0  0.0  0.0  0.0  0.0  0.0  0.0  0.0  0.0  0.0  0.0  0.0  0.0  0.0  0.0  0.0  0.0  0.0  0.0  0.0  0.0  0.0  0.0  0.0  0.0  0.0  0.0  0.3  0.5  0.6  0.8  0.9  1.0  1.1  1.2  1.3  1.3  1.4  1.4
 43 |  1.6  1.6  1.6  1.6  1.6  1.6  1.6  1.5  1.5  1.5  1.4  1.3  1.2  1.2  1.0  0.9  0.8  0.6  0.5  0.3  0.0  0.0  0.0  0.0  0.0  0.0  0.0  0.0  0.0  0.0  0.0  0.0  0.0  0.0  0.0  0.0  0.0  0.0  0.0  0.0  0.0  0.0  0.0  0.0  0.0  0.0  0.0  0.0  0.0  0.0  0.0  0.0  0.0  0.0  0.0  0.0  0.0  0.0  0.0  0.0  0.0  0.0  0.0  0.0  0.0  0.0  0.0  0.0  0.0  0.0  0.0  0.0  0.0  0.0  0.0  0.0  0.0  0.2  0.4  0.6  0.7  0.9  1.0  1.1  1.2  1.3  1.4  1.4  1.5  1.5
 41 |  1.7  1.7  1.7  1.7  1.7  1.7  1.7  1.6  1.6  1.5  1.5  1.4  1.3  1.2  1.1  1.0  0.9  0.7  0.6  0.4  0.1  0.0  0.0  0.0  0.0  0.0  0.0  0.0  0.0  0.0  0.0  0.0  0.0  0.0  0.0  0.0  0.0  0.0  0.0  0.0  0.0  0.0  0.0  0.0  0.0  0.0  0.0  0.0  0.0  0.0  0.0  0.0  0.0  0.0  0.0  0.0  0.0  0.0  0.0  0.0  0.0  0.0  0.0  0.0  0.0  0.0  0.0  0.0  0.0  0.0  0.0  0.0  0.0  0.0  0.0  0.0  0.0  0.3  0.5  0.7  0.8  0.9  1.1  1.2  1.3  1.4  1.4  1.5  1.6  1.6
 39 |  1.7  1.8  1.8  1.8  1.8  1.8  1.8  1.7  1.7  1.6  1.6  1.5  1.4  1.3  1.2  1.1  1.0  0.8  0.7  0.5  0.2  0.0  0.0  0.0  0.0  0.0  0.0  0.0  0.0  0.0  0.0  0.0  0.0  0.0  0.0  0.0  0.0  0.0  0.0  0.0  0.0  0.0  0.0  0.0  0.0  0.0  0.0  0.0  0.0  0.0  0.0  0.0  0.0  0.0  0.0  0.0  0.0  0.0  0.0  0.0  0.0  0.0  0.0  0.0  0.0  0.0  0.0  0.0  0.0  0.0  0.0  0.0  0.0  0.0  0.0  0.0  0.1  0.4  0.6  0.7  0.9  1.0  1.2  1.3  1.4  1.5  1.5  1.6  1.7  1.7
 37 |  1.8  1.9  1.9  1.9  1.9  1.9  1.9  1.8  1.8  1.7  1.7  1.6  1.5  1.4  1.3  1.2  1.0  0.9  0.7  0.6  0.3  0.0  0.0  0.0  0.0  0.0  0.0  0.0  0.0  0.0  0.0  0.0  0.0  0.0  0.0  0.0  0.0  0.0  0.0  0.0  0.0  0.0  0.0  0.0  0.0  0.0  0.0  0.0  0.0  0.0  0.0  0.0  0.0  0.0  0.0  0.0  0.0  0.0  0.0  0.0  0.0  0.0  0.0  0.0  0.0  0.0  0.0  0.0  0.0  0.0  0.0  0.0  0.0  0.0  0.0  0.0  0.2  0.5  0.7  0.8  1.0  1.1  1.2  1.4  1.4  1.5  1.6  1.7  1.7  1.8
 35 |  1.9  1.9  2.0  2.0  2.0  2.0  1.9  1.9  1.9  1.8  1.7  1.7  1.6  1.5  1.4  1.3  1.1  1.0  0.8  0.6  0.4  0.2  0.0  0.0  0.0  0.0  0.0  0.0  0.0  0.0  0.0  0.0  0.0  0.0  0.0  0.0  0.0  0.0  0.0  0.0  0.0  0.0  0.0  0.0  0.0  0.0  0.0  0.0  0.0  0.0  0.0  0.0  0.0  0.0  0.0  0.0  0.0  0.0  0.0  0.0  0.0  0.0  0.0  0.0  0.0  0.0  0.0  0.0  0.0  0.0  0.0  0.0  0.0  0.0  0.0  0.0  0.3  0.6  0.7  0.9  1.0  1.2  1.3  1.4  1.5  1.6  1.7  1.8  1.8  1.9
 33 |  2.0  2.0  2.1  2.1  2.1  2.0  2.0  2.0  1.9  1.9  1.8  1.7  1.7  1.6  1.4  1.3  1.2  1.0  0.9  0.7  0.5  0.3  0.0  0.0  0.0  0.0  0.0  0.0  0.0  0.0  0.0  0.0  0.0  0.0  0.0  0.0  0.0  0.0  0.0  0.0  0.0  0.0  0.0  0.0  0.0  0.0  0.0  0.0  0.0  0.0  0.0  0.0  0.0  0.0  0.0  0.0  0.0  0.0  0.0  0.0  0.0  0.0  0.0  0.0  0.0  0.0  0.0  0.0  0.0  0.0  0.0  0.0  0.0  0.0  0.0  0.1  0.4  0.6  0.8  1.0  1.1  1.3  1.4  1.5  1.6  1.7  1.8  1.9  1.9  2.0
 31 |  2.1  2.1  2.1  2.1  2.1  2.1  2.1  2.1  2.0  2.0  1.9  1.8  1.7  1.6  1.5  1.4  1.3  1.1  1.0  0.8  0.6  0.4  0.0  0.0  0.0  0.0  0.0  0.0  0.0  0.0  0.0  0.0  0.0  0.0  0.0  0.0  0.0  0.0  0.0  0.0  0.0  0.0  0.0  0.0  0.0  0.0  0.0  0.0  0.0  0.0  0.0  0.0  0.0  0.0  0.0  0.0  0.0  0.0  0.0  0.0  0.0  0.0  0.0  0.0  0.0  0.0  0.0  0.0  0.0  0.0  0.0  0.0  0.0  0.0  0.0  0.2  0.5  0.7  0.9  1.0  1.2  1.3  1.5  1.6  1.7  1.8  1.9  1.9  2.0  2.0
 29 |  2.2  2.2  2.2  2.2  2.2  2.2  2.2  2.1  2.1  2.0  2.0  1.9  1.8  1.7  1.6  1.5  1.3  1.2  1.0  0.9  0.7  0.4  0.2  0.0  0.0  0.0  0.0  0.0  0.0  0.0  0.0  0.0  0.0  0.0  0.0  0.0  0.0  0.0  0.0  0.0  0.0  0.0  0.0  0.0  0.0  0.0  0.0  0.0  0.0  0.0  0.0  0.0  0.0  0.0  0.0  0.0  0.0  0.0  0.0  0.0  0.0  0.0  0.0  0.0  0.0  0.0  0.0  0.0  0.0  0.0  0.0  0.0  0.0  0.0  0.0  0.3  0.6  0.8  0.9  1.1  1.3  1.4  1.5  1.6  1.8  1.9  1.9  2.0  2.1  2.1
 27 |  2.3  2.3  2.3  2.3  2.3  2.3  2.3  2.2  2.2  2.1  2.0  2.0  1.9  1.8  1.7  1.5  1.4  1.3  1.1  0.9  0.7  0.5  0.3  0.0  0.0  0.0  0.0  0.0  0.0  0.0  0.0  0.0  0.0  0.0  0.0  0.0  0.0  0.0  0.0  0.0  0.0  0.0  0.0  0.0  0.0  0.0  0.0  0.0  0.0  0.0  0.0  0.0  0.0  0.0  0.0  0.0  0.0  0.0  0.0  0.0  0.0  0.0  0.0  0.0  0.0  0.0  0.0  0.0  0.0  0.0  0.0  0.0  0.0  0.0  0.1  0.4  0.6  0.8  1.0  1.2  1.3  1.5  1.6  1.7  1.8  1.9  2.0  2.1  2.1  2.2
 25 |  2.3  2.3  2.3  2.3  2.3  2.3  2.3  2.3  2.3  2.2  2.1  2.0  1.9  1.8  1.7  1.6  1.5  1.3  1.2  1.0  0.8  0.6  0.3  0.0  0.0  0.0  0.0  0.0  0.0  0.0  0.0  0.0  0.0  0.0  0.0  0.0  0.0  0.0  0.0  0.0  0.0  0.0  0.0  0.0  0.0  0.0  0.0  0.0  0.0  0.0  0.0  0.0  0.0  0.0  0.0  0.0  0.0  0.0  0.0  0.0  0.0  0.0  0.0  0.0  0.0  0.0  0.0  0.0  0.0  0.0  0.0  0.0  0.0  0.0  0.2  0.5  0.7  0.9  1.1  1.2  1.4  1.5  1.7  1.8  1.9  2.0  2.1  2.2  2.2  2.3
 23 |  2.4  2.4  2.4  2.4  2.4  2.4  2.4  2.3  2.3  2.3  2.2  2.1  2.0  1.9  1.8  1.7  1.5  1.4  1.2  1.1  0.9  0.7  0.4  0.1  0.0  0.0  0.0  0.0  0.0  0.0  0.0  0.0  0.0  0.0  0.0  0.0  0.0  0.0  0.0  0.0  0.0  0.0  0.0  0.0  0.0  0.0  0.0  0.0  0.0  0.0  0.0  0.0  0.0  0.0  0.0  0.0  0.0  0.0  0.0  0.0  0.0  0.0  0.0  0.0  0.0  0.0  0.0  0.0  0.0  0.0  0.0  0.0  0.0  0.0  0.3  0.6  0.8  1.0  1.2  1.3  1.5  1.6  1.7  1.9  2.0  2.1  2.1  2.2  2.3  2.3
 21 |  2.4  2.4  2.4  2.4  2.4  2.4  2.4  2.4  2.4  2.3  2.3  2.2  2.1  2.0  1.9  1.7  1.6  1.5  1.3  1.1  0.9  0.7  0.5  0.2  0.0  0.0  0.0  0.0  0.0  0.0  0.0  0.0  0.0  0.0  0.0  0.0  0.0  0.0  0.0  0.0  0.0  0.0  0.0  0.0  0.0  0.0  0.0  0.0  0.0  0.0  0.0  0.0  0.0  0.0  0.0  0.0  0.0  0.0  0.0  0.0  0.0  0.0  0.0  0.0  0.0  0.0  0.0  0.0  0.0  0.0  0.0  0.0  0.0  0.0  0.4  0.6  0.8  1.0  1.2  1.4  1.5  1.7  1.8  1.9  2.0  2.1  2.2  2.3  2.3  2.4
 19 |  2.4  2.6  2.6  2.6  2.6  2.6  2.6  2.4  2.4  2.4  2.3  2.2  2.1  2.0  1.9  1.8  1.7  1.5  1.4  1.2  1.0  0.8  0.6  0.3  0.0  0.0  0.0  0.0  0.0  0.0  0.0  0.0  0.0  0.0  0.0  0.0  0.0  0.0  0.0  0.0  0.0  0.0  0.0  0.0  0.0  0.0  0.0  0.0  0.0  0.0  0.0  0.0  0.0  0.0  0.0  0.0  0.0  0.0  0.0  0.0  0.0  0.0  0.0  0.0  0.0  0.0  0.0  0.0  0.0  0.0  0.0  0.0  0.0  0.1  0.4  0.7  0.9  1.1  1.3  1.4  1.6  1.7  1.9  2.0  2.1  2.2  2.3  2.3  2.4  2.4
 17 |  2.6  2.6  2.6  2.6  2.6  2.6  2.6  2.6  2.4  2.4  2.3  2.3  2.2  2.1  2.0  1.9  1.7  1.6  1.4  1.2  1.0  0.9  0.6  0.4  0.0  0.0  0.0  0.0  0.0  0.0  0.0  0.0  0.0  0.0  0.0  0.0  0.0  0.0  0.0  0.0  0.0  0.0  0.0  0.0  0.0  0.0  0.0  0.0  0.0  0.0  0.0  0.0  0.0  0.0  0.0  0.0  0.0  0.0  0.0  0.0  0.0  0.0  0.0  0.0  0.0  0.0  0.0  0.0  0.0  0.0  0.0  0.0  0.0  0.2  0.5  0.7  1.0  1.2  1.3  1.5  1.6  1.8  1.9  2.0  2.1  2.3  2.3  2.4  2.4  2.6
 15 |  2.6  2.7  2.7  2.7  2.7  2.7  2.6  2.6  2.6  2.4  2.4  2.3  2.3  2.1  2.0  1.9  1.8  1.6  1.5  1.3  1.1  0.9  0.7  0.4  0.1  0.0  0.0  0.0  0.0  0.0  0.0  0.0  0.0  0.0  0.0  0.0  0.0  0.0  0.0  0.0  0.0  0.0  0.0  0.0  0.0  0.0  0.0  0.0  0.0  0.0  0.0  0.0  0.0  0.0  0.0  0.0  0.0  0.0  0.0  0.0  0.0  0.0  0.0  0.0  0.0  0.0  0.0  0.0  0.0  0.0  0.0  0.0  0.0  0.3  0.6  0.8  1.0  1.2  1.4  1.5  1.7  1.8  2.0  2.1  2.2  2.3  2.4  2.4  2.6  2.6
 13 |  2.7  2.7  2.7  2.7  2.7  2.7  2.7  2.7  2.6  2.6  2.4  2.4  2.3  2.2  2.1  2.0  1.8  1.7  1.5  1.4  1.2  1.0  0.7  0.5  0.2  0.0  0.0  0.0  0.0  0.0  0.0  0.0  0.0  0.0  0.0  0.0  0.0  0.0  0.0  0.0  0.0  0.0  0.0  0.0  0.0  0.0  0.0  0.0  0.0  0.0  0.0  0.0  0.0  0.0  0.0  0.0  0.0  0.0  0.0  0.0  0.0  0.0  0.0  0.0  0.0  0.0  0.0  0.0  0.0  0.0  0.0  0.0  0.0  0.3  0.6  0.9  1.1  1.3  1.4  1.6  1.8  1.9  2.0  2.1  2.3  2.3  2.4  2.6  2.6  2.6
 11 |  2.7  2.7  2.8  2.8  2.8  2.7  2.7  2.7  2.7  2.6  2.6  2.4  2.3  2.3  2.1  2.0  1.9  1.7  1.6  1.4  1.2  1.0  0.8  0.6  0.3  0.0  0.0  0.0  0.0  0.0  0.0  0.0  0.0  0.0  0.0  0.0  0.0  0.0  0.0  0.0  0.0  0.0  0.0  0.0  0.0  0.0  0.0  0.0  0.0  0.0  0.0  0.0  0.0  0.0  0.0  0.0  0.0  0.0  0.0  0.0  0.0  0.0  0.0  0.0  0.0  0.0  0.0  0.0  0.0  0.0  0.0  0.0  0.1  0.4  0.7  0.9  1.1  1.3  1.5  1.6  1.8  1.9  2.1  2.2  2.3  2.4  2.4  2.6  2.6  2.7
  9 |  2.7  2.8  2.8  2.8  2.8  2.8  2.8  2.7  2.7  2.7  2.6  2.4  2.4  2.3  2.2  2.1  1.9  1.8  1.6  1.5  1.3  1.1  0.9  0.6  0.3  0.0  0.0  0.0  0.0  0.0  0.0  0.0  0.0  0.0  0.0  0.0  0.0  0.0  0.0  0.0  0.0  0.0  0.0  0.0  0.0  0.0  0.0  0.0  0.0  0.0  0.0  0.0  0.0  0.0  0.0  0.0  0.0  0.0  0.0  0.0  0.0  0.0  0.0  0.0  0.0  0.0  0.0  0.0  0.0  0.0  0.0  0.0  0.2  0.5  0.7  1.0  1.2  1.4  1.5  1.7  1.9  2.0  2.1  2.3  2.3  2.4  2.6  2.6  2.7  2.7
  7 |  2.8  2.8  2.8  2.8  2.8  2.8  2.8  2.8  2.7  2.7  2.6  2.6  2.4  2.3  2.3  2.1  2.0  1.8  1.7  1.5  1.3  1.1  0.9  0.7  0.4  0.0  0.0  0.0  0.0  0.0  0.0  0.0  0.0  0.0  0.0  0.0  0.0  0.0  0.0  0.0  0.0  0.0  0.0  0.0  0.0  0.0  0.0  0.0  0.0  0.0  0.0  0.0  0.0  0.0  0.0  0.0  0.0  0.0  0.0  0.0  0.0  0.0  0.0  0.0  0.0  0.0  0.0  0.0  0.0  0.0  0.0  0.0  0.2  0.6  0.8  1.0  1.2  1.4  1.6  1.7  1.9  2.0  2.2  2.3  2.4  2.4  2.6  2.7  2.7  2.8
  5 |  2.8  2.8  2.9  2.9  2.9  2.9  2.8  2.8  2.8  2.7  2.7  2.6  2.4  2.4  2.3  2.2  2.0  1.9  1.7  1.5  1.4  1.2  1.0  0.7  0.5  0.1  0.0  0.0  0.0  0.0  0.0  0.0  0.0  0.0  0.0  0.0  0.0  0.0  0.0  0.0  0.0  0.0  0.0  0.0  0.0  0.0  0.0  0.0  0.0  0.0  0.0  0.0  0.0  0.0  0.0  0.0  0.0  0.0  0.0  0.0  0.0  0.0  0.0  0.0  0.0  0.0  0.0  0.0  0.0  0.0  0.0  0.0  0.3  0.6  0.9  1.1  1.3  1.5  1.6  1.8  1.9  2.1  2.2  2.3  2.4  2.6  2.6  2.7  2.7  2.8
  3 |  2.8  2.9  2.9  2.9  2.9  2.9  2.9  2.8  2.8  2.8  2.7  2.6  2.6  2.4  2.3  2.2  2.1  1.9  1.8  1.6  1.4  1.2  1.0  0.8  0.5  0.2  0.0  0.0  0.0  0.0  0.0  0.0  0.0  0.0  0.0  0.0  0.0  0.0  0.0  0.0  0.0  0.0  0.0  0.0  0.0  0.0  0.0  0.0  0.0  0.0  0.0  0.0  0.0  0.0  0.0  0.0  0.0  0.0  0.0  0.0  0.0  0.0  0.0  0.0  0.0  0.0  0.0  0.0  0.0  0.0  0.0  0.0  0.4  0.7  0.9  1.1  1.3  1.5  1.7  1.8  2.0  2.1  2.3  2.4  2.4  2.6  2.7  2.7  2.8  2.8
  1 |  2.9  2.9  2.9  2.9  2.9  2.9  2.9  2.9  2.8  2.8  2.7  2.7  2.6  2.4  2.3  2.3  2.1  1.9  1.8  1.6  1.5  1.3  1.1  0.8  0.6  0.3  0.0  0.0  0.0  0.0  0.0  0.0  0.0  0.0  0.0  0.0  0.0  0.0  0.0  0.0  0.0  0.0  0.0  0.0  0.0  0.0  0.0  0.0  0.0  0.0  0.0  0.0  0.0  0.0  0.0  0.0  0.0  0.0  0.0  0.0  0.0  0.0  0.0  0.0  0.0  0.0  0.0  0.0  0.0  0.0  0.0  0.1  0.4  0.7  0.9  1.2  1.4  1.5  1.7  1.9  2.0  2.2  2.3  2.4  2.6  2.6  2.7  2.8  2.8  2.8
 -1 |  2.9  2.9  2.9  3.1  3.1  2.9  2.9  2.9  2.9  2.8  2.8  2.7  2.6  2.4  2.4  2.3  2.1  2.0  1.8  1.7  1.5  1.3  1.1  0.9  0.6  0.4  0.0  0.0  0.0  0.0  0.0  0.0  0.0  0.0  0.0  0.0  0.0  0.0  0.0  0.0  0.0  0.0  0.0  0.0  0.0  0.0  0.0  0.0  0.0  0.0  0.0  0.0  0.0  0.0  0.0  0.0  0.0  0.0  0.0  0.0  0.0  0.0  0.0  0.0  0.0  0.0  0.0  0.0  0.0  0.0  0.0  0.2  0.5  0.8  1.0  1.2  1.4  1.6  1.8  1.9  2.1  2.2  2.3  2.4  2.6  2.7  2.7  2.8  2.8  2.9
 -3 |  2.9  3.1  3.1  3.1  3.1  3.1  2.9  2.9  2.9  2.8  2.8  2.7  2.6  2.6  2.4  2.3  2.2  2.0  1.9  1.7  1.5  1.4  1.2  0.9  0.7  0.4  0.1  0.0  0.0  0.0  0.0  0.0  0.0  0.0  0.0  0.0  0.0  0.0  0.0  0.0  0.0  0.0  0.0  0.0  0.0  0.0  0.0  0.0  0.0  0.0  0.0  0.0  0.0  0.0  0.0  0.0  0.0  0.0  0.0  0.0  0.0  0.0  0.0  0.0  0.0  0.0  0.0  0.0  0.0  0.0  0.0  0.3  0.6  0.8  1.0  1.3  1.4  1.6  1.8  1.9  2.1  2.3  2.3  2.4  2.6  2.7  2.7  2.8  2.9  2.9
 -5 |  3.1  3.1  3.1  3.1  3.1  3.1  3.1  2.9  2.9  2.9  2.8  2.7  2.7  2.6  2.4  2.3  2.2  2.1  1.9  1.7  1.6  1.4  1.2  1.0  0.8  0.5  0.2  0.0  0.0  0.0  0.0  0.0  0.0  0.0  0.0  0.0  0.0  0.0  0.0  0.0  0.0  0.0  0.0  0.0  0.0  0.0  0.0  0.0  0.0  0.0  0.0  0.0  0.0  0.0  0.0  0.0  0.0  0.0  0.0  0.0  0.0  0.0  0.0  0.0  0.0  0.0  0.0  0.0  0.0  0.0  0.0  0.3  0.6  0.9  1.1  1.3  1.5  1.7  1.8  2.0  2.1  2.3  2.4  2.6  2.6  2.7  2.8  2.8  2.9  2.9
 -7 |  3.1  3.1  3.1  3.1  3.1  3.1  3.1  3.1  2.9  2.9  2.8  2.8  2.7  2.6  2.4  2.3  2.3  2.1  1.9  1.8  1.6  1.4  1.2  1.0  0.8  0.6  0.2  0.0  0.0  0.0  0.0  0.0  0.0  0.0  0.0  0.0  0.0  0.0  0.0  0.0  0.0  0.0  0.0  0.0  0.0  0.0  0.0  0.0  0.0  0.0  0.0  0.0  0.0  0.0  0.0  0.0  0.0  0.0  0.0  0.0  0.0  0.0  0.0  0.0  0.0  0.0  0.0  0.0  0.0  0.0  0.0  0.4  0.7  0.9  1.1  1.3  1.5  1.7  1.9  2.0  2.2  2.3  2.4  2.6  2.7  2.7  2.8  2.9  2.9  2.9
 -9 |  3.1  3.1  3.1  3.1  3.1  3.1  3.1  3.1  2.9  2.9  2.8  2.8  2.7  2.6  2.6  2.4  2.3  2.1  2.0  1.8  1.6  1.5  1.3  1.1  0.9  0.6  0.3  0.0  0.0  0.0  0.0  0.0  0.0  0.0  0.0  0.0  0.0  0.0  0.0  0.0  0.0  0.0  0.0  0.0  0.0  0.0  0.0  0.0  0.0  0.0  0.0  0.0  0.0  0.0  0.0  0.0  0.0  0.0  0.0  0.0  0.0  0.0  0.0  0.0  0.0  0.0  0.0  0.0  0.0  0.0  0.1  0.5  0.7  1.0  1.2  1.4  1.6  1.7  1.9  2.1  2.2  2.3  2.4  2.6  2.7  2.7  2.8  2.9  2.9  3.1
-11 |  3.1  3.1  3.1  3.2  3.2  3.1  3.1  3.1  3.1  2.9  2.9  2.8  2.7  2.7  2.6  2.4  2.3  2.2  2.0  1.9  1.7  1.5  1.3  1.1  0.9  0.7  0.4  0.0  0.0  0.0  0.0  0.0  0.0  0.0  0.0  0.0  0.0  0.0  0.0  0.0  0.0  0.0  0.0  0.0  0.0  0.0  0.0  0.0  0.0  0.0  0.0  0.0  0.0  0.0  0.0  0.0  0.0  0.0  0.0  0.0  0.0  0.0  0.0  0.0  0.0  0.0  0.0  0.0  0.0  0.0  0.2  0.5  0.8  1.0  1.2  1.4  1.6  1.8  1.9  2.1  2.2  2.3  2.4  2.6  2.7  2.8  2.8  2.9  2.9  3.1
-13 |  3.1  3.1  3.2  3.2  3.2  3.2  3.1  3.1  3.1  2.9  2.9  2.8  2.7  2.7  2.6  2.4  2.3  2.2  2.0  1.9  1.7  1.5  1.4  1.2  0.9  0.7  0.4  0.1  0.0  0.0  0.0  0.0  0.0  0.0  0.0  0.0  0.0  0.0  0.0  0.0  0.0  0.0  0.0  0.0  0.0  0.0  0.0  0.0  0.0  0.0  0.0  0.0  0.0  0.0  0.0  0.0  0.0  0.0  0.0  0.0  0.0  0.0  0.0  0.0  0.0  0.0  0.0  0.0  0.0  0.0  0.3  0.6  0.8  1.0  1.3  1.4  1.6  1.8  2.0  2.1  2.3  2.4  2.4  2.6  2.7  2.8  2.8  2.9  2.9  3.1
-15 |  3.1  3.2  3.2  3.2  3.2  3.2  3.1  3.1  3.1  2.9  2.9  2.8  2.8  2.7  2.6  2.4  2.3  2.2  2.1  1.9  1.7  1.6  1.4  1.2  1.0  0.8  0.5  0.2  0.0  0.0  0.0  0.0  0.0  0.0  0.0  0.0  0.0  0.0  0.0  0.0  0.0  0.0  0.0  0.0  0.0  0.0  0.0  0.0  0.0  0.0  0.0  0.0  0.0  0.0  0.0  0.0  0.0  0.0  0.0  0.0  0.0  0.0  0.0  0.0  0.0  0.0  0.0  0.0  0.0  0.0  0.4  0.6  0.9  1.1  1.3  1.5  1.7  1.8  2.0  2.1  2.3  2.4  2.6  2.6  2.7  2.8  2.9  2.9  3.1  3.1
-17 |  3.1  3.2  3.2  3.2  3.2  3.2  3.2  3.1  3.1  2.9  2.9  2.8  2.8  2.7  2.6  2.4  2.3  2.3  2.1  1.9  1.8  1.6  1.4  1.2  1.0  0.8  0.6  0.3  0.0  0.0  0.0  0.0  0.0  0.0  0.0  0.0  0.0  0.0  0.0  0.0  0.0  0.0  0.0  0.0  0.0  0.0  0.0  0.0  0.0  0.0  0.0  0.0  0.0  0.0  0.0  0.0  0.0  0.0  0.0  0.0  0.0  0.0  0.0  0.0  0.0  0.0  0.0  0.0  0.0  0.1  0.4  0.7  0.9  1.1  1.3  1.5  1.7  1.9  2.0  2.2  2.3  2.4  2.6  2.7  2.7  2.8  2.9  2.9  3.1  3.1
-19 |  3.2  3.2  3.2  3.2  3.2  3.2  3.2  3.1  3.1  3.1  2.9  2.8  2.8  2.7  2.6  2.4  2.4  2.3  2.1  2.0  1.8  1.6  1.5  1.3  1.1  0.9  0.6  0.3  0.0  0.0  0.0  0.0  0.0  0.0  0.0  0.0  0.0  0.0  0.0  0.0  0.0  0.0  0.0  0.0  0.0  0.0  0.0  0.0  0.0  0.0  0.0  0.0  0.0  0.0  0.0  0.0  0.0  0.0  0.0  0.0  0.0  0.0  0.0  0.0  0.0  0.0  0.0  0.0  0.0  0.2  0.5  0.7  1.0  1.2  1.4  1.5  1.7  1.9  2.0  2.2  2.3  2.4  2.6  2.7  2.7  2.8  2.9  2.9  3.1  3.1
-21 |  3.2  3.2  3.2  3.2  3.2  3.2  3.2  3.1  3.1  3.1  2.9  2.9  2.8  2.7  2.6  2.6  2.4  2.3  2.1  2.0  1.8  1.7  1.5  1.3  1.1  0.9  0.7  0.4  0.1  0.0  0.0  0.0  0.0  0.0  0.0  0.0  0.0  0.0  0.0  0.0  0.0  0.0  0.0  0.0  0.0  0.0  0.0  0.0  0.0  0.0  0.0  0.0  0.0  0.0  0.0  0.0  0.0  0.0  0.0  0.0  0.0  0.0  0.0  0.0  0.0  0.0  0.0  0.0  0.0  0.3  0.6  0.8  1.0  1.2  1.4  1.6  1.7  1.9  2.1  2.2  2.3  2.4  2.6  2.7  2.8  2.8  2.9  2.9  3.1  3.1
-23 |  3.2  3.2  3.2  3.2  3.2  3.2  3.2  3.1  3.1  3.1  2.9  2.9  2.8  2.7  2.6  2.6  2.4  2.3  2.1  2.0  1.9  1.7  1.5  1.3  1.2  0.9  0.7  0.5  0.2  0.0  0.0  0.0  0.0  0.0  0.0  0.0  0.0  0.0  0.0  0.0  0.0  0.0  0.0  0.0  0.0  0.0  0.0  0.0  0.0  0.0  0.0  0.0  0.0  0.0  0.0  0.0  0.0  0.0  0.0  0.0  0.0  0.0  0.0  0.0  0.0  0.0  0.0  0.0  0.0  0.3  0.6  0.8  1.0  1.2  1.4  1.6  1.8  1.9  2.1  2.2  2.3  2.4  2.6  2.7  2.8  2.8  2.9  2.9  3.1  3.1
-25 |  3.2  3.2  3.2  3.2  3.2  3.2  3.2  3.1  3.1  3.1  2.9  2.9  2.8  2.7  2.7  2.6  2.4  2.3  2.2  2.0  1.9  1.7  1.5  1.4  1.2  1.0  0.8  0.5  0.3  0.0  0.0  0.0  0.0  0.0  0.0  0.0  0.0  0.0  0.0  0.0  0.0  0.0  0.0  0.0  0.0  0.0  0.0  0.0  0.0  0.0  0.0  0.0  0.0  0.0  0.0  0.0  0.0  0.0  0.0  0.0  0.0  0.0  0.0  0.0  0.0  0.0  0.0  0.0  0.1  0.4  0.7  0.9  1.1  1.3  1.5  1.6  1.8  1.9  2.1  2.3  2.3  2.4  2.6  2.7  2.8  2.8  2.9  2.9  3.1  3.1
-27 |  3.2  3.2  3.2  3.2  3.2  3.2  3.2  3.1  3.1  3.1  2.9  2.9  2.8  2.7  2.7  2.6  2.4  2.3  2.2  2.0  1.9  1.7  1.6  1.4  1.2  1.0  0.8  0.6  0.3  0.0  0.0  0.0  0.0  0.0  0.0  0.0  0.0  0.0  0.0  0.0  0.0  0.0  0.0  0.0  0.0  0.0  0.0  0.0  0.0  0.0  0.0  0.0  0.0  0.0  0.0  0.0  0.0  0.0  0.0  0.0  0.0  0.0  0.0  0.0  0.0  0.0  0.0  0.0  0.2  0.5  0.7  0.9  1.1  1.3  1.5  1.6  1.8  2.0  2.1  2.3  2.4  2.4  2.6  2.7  2.8  2.8  2.9  2.9  3.1  3.1
-29 |  3.1  3.2  3.2  3.2  3.2  3.2  3.2  3.1  3.1  3.1  2.9  2.9  2.8  2.7  2.7  2.6  2.4  2.3  2.2  2.1  1.9  1.8  1.6  1.4  1.2  1.1  0.9  0.7  0.4  0.1  0.0  0.0  0.0  0.0  0.0  0.0  0.0  0.0  0.0  0.0  0.0  0.0  0.0  0.0  0.0  0.0  0.0  0.0  0.0  0.0  0.0  0.0  0.0  0.0  0.0  0.0  0.0  0.0  0.0  0.0  0.0  0.0  0.0  0.0  0.0  0.0  0.0  0.0  0.3  0.5  0.8  1.0  1.2  1.3  1.5  1.7  1.8  2.0  2.1  2.3  2.4  2.4  2.6  2.7  2.8  2.8  2.9  2.9  3.1  3.1
-31 |  3.1  3.2  3.2  3.2  3.2  3.2  3.2  3.1  3.1  3.1  2.9  2.9  2.8  2.7  2.7  2.6  2.4  2.3  2.2  2.1  1.9  1.8  1.6  1.5  1.3  1.1  0.9  0.7  0.5  0.2  0.0  0.0  0.0  0.0  0.0  0.0  0.0  0.0  0.0  0.0  0.0  0.0  0.0  0.0  0.0  0.0  0.0  0.0  0.0  0.0  0.0  0.0  0.0  0.0  0.0  0.0  0.0  0.0  0.0  0.0  0.0  0.0  0.0  0.0  0.0  0.0  0.0  0.0  0.3  0.6  0.8  1.0  1.2  1.4  1.5  1.7  1.9  2.0  2.1  2.3  2.4  2.4  2.6  2.7  2.8  2.8  2.9  2.9  3.1  3.1
-33 |  3.1  3.2  3.2  3.2  3.2  3.2  3.1  3.1  3.1  2.9  2.9  2.8  2.8  2.7  2.7  2.6  2.4  2.3  2.2  2.1  1.9  1.8  1.6  1.5  1.3  1.1  0.9  0.8  0.5  0.3  0.0  0.0  0.0  0.0  0.0  0.0  0.0  0.0  0.0  0.0  0.0  0.0  0.0  0.0  0.0  0.0  0.0  0.0  0.0  0.0  0.0  0.0  0.0  0.0  0.0  0.0  0.0  0.0  0.0  0.0  0.0  0.0  0.0  0.0  0.0  0.0  0.0  0.1  0.4  0.6  0.9  1.0  1.2  1.4  1.6  1.7  1.9  2.0  2.1  2.3  2.4  2.4  2.6  2.7  2.8  2.8  2.9  2.9  3.1  3.1
-35 |  3.1  3.1  3.2  3.2  3.2  3.1  3.1  3.1  3.1  2.9  2.9  2.8  2.8  2.7  2.7  2.6  2.4  2.3  2.2  2.1  1.9  1.8  1.7  1.5  1.3  1.2  1.0  0.8  0.6  0.4  0.1  0.0  0.0  0.0  0.0  0.0  0.0  0.0  0.0  0.0  0.0  0.0  0.0  0.0  0.0  0.0  0.0  0.0  0.0  0.0  0.0  0.0  0.0  0.0  0.0  0.0  0.0  0.0  0.0  0.0  0.0  0.0  0.0  0.0  0.0  0.0  0.0  0.2  0.5  0.7  0.9  1.1  1.3  1.4  1.6  1.7  1.9  2.0  2.1  2.3  2.4  2.4  2.6  2.7  2.8  2.8  2.9  2.9  3.1  3.1
-37 |  3.1  3.1  3.1  3.1  3.1  3.1  3.1  3.1  3.1  2.9  2.9  2.8  2.8  2.7  2.6  2.6  2.4  2.3  2.2  2.1  2.0  1.8  1.7  1.5  1.4  1.2  1.0  0.9  0.7  0.4  0.2  0.0  0.0  0.0  0.0  0.0  0.0  0.0  0.0  0.0  0.0  0.0  0.0  0.0  0.0  0.0  0.0  0.0  0.0  0.0  0.0  0.0  0.0  0.0  0.0  0.0  0.0  0.0  0.0  0.0  0.0  0.0  0.0  0.0  0.0  0.0  0.0  0.3  0.6  0.8  0.9  1.1  1.3  1.4  1.6  1.7  1.9  2.0  2.2  2.3  2.4  2.4  2.6  2.7  2.7  2.8  2.9  2.9  2.9  3.1
-39 |  3.1  3.1  3.1  3.1  3.1  3.1  3.1  3.1  2.9  2.9  2.9  2.8  2.8  2.7  2.6  2.6  2.4  2.3  2.2  2.1  2.0  1.8  1.7  1.5  1.4  1.2  1.1  0.9  0.7  0.5  0.3  0.0  0.0  0.0  0.0  0.0  0.0  0.0  0.0  0.0  0.0  0.0  0.0  0.0  0.0  0.0  0.0  0.0  0.0  0.0  0.0  0.0  0.0  0.0  0.0  0.0  0.0  0.0  0.0  0.0  0.0  0.0  0.0  0.0  0.0  0.0  0.1  0.4  0.6  0.8  1.0  1.2  1.3  1.5  1.6  1.8  1.9  2.0  2.2  2.3  2.4  2.4  2.6  2.7  2.7  2.8  2.8  2.9  2.9  3.1
-41 |  3.1  3.1  3.1  3.1  3.1  3.1  3.1  3.1  2.9  2.9  2.9  2.8  2.8  2.7  2.6  2.6  2.4  2.3  2.2  2.1  2.0  1.8  1.7  1.6  1.4  1.3  1.1  0.9  0.8  0.6  0.4  0.1  0.0  0.0  0.0  0.0  0.0  0.0  0.0  0.0  0.0  0.0  0.0  0.0  0.0  0.0  0.0  0.0  0.0  0.0  0.0  0.0  0.0  0.0  0.0  0.0  0.0  0.0  0.0  0.0  0.0  0.0  0.0  0.0  0.0  0.0  0.2  0.5  0.7  0.9  1.0  1.2  1.4  1.5  1.6  1.8  1.9  2.0  2.2  2.3  2.4  2.4  2.6  2.7  2.7  2.8  2.8  2.9  2.9  2.9
-43 |  2.9  3.1  3.1  3.1  3.1  3.1  3.1  2.9  2.9  2.9  2.8  2.8  2.7  2.7  2.6  2.6  2.4  2.3  2.2  2.1  2.0  1.9  1.7  1.6  1.4  1.3  1.2  1.0  0.8  0.6  0.4  0.2  0.0  0.0  0.0  0.0  0.0  0.0  0.0  0.0  0.0  0.0  0.0  0.0  0.0  0.0  0.0  0.0  0.0  0.0  0.0  0.0  0.0  0.0  0.0  0.0  0.0  0.0  0.0  0.0  0.0  0.0  0.0  0.0  0.0  0.1  0.3  0.5  0.7  0.9  1.1  1.2  1.4  1.5  1.7  1.8  1.9  2.0  2.2  2.3  2.4  2.4  2.6  2.7  2.7  2.8  2.8  2.9  2.9  2.9
-45 |  2.9  2.9  3.1  3.1  3.1  2.9  2.9  2.9  2.9  2.9  2.8  2.8  2.7  2.7  2.6  2.4  2.4  2.3  2.2  2.1  2.0  1.9  1.7  1.6  1.5  1.3  1.2  1.0  0.9  0.7  0.5  0.3  0.0  0.0  0.0  0.0  0.0  0.0  0.0  0.0  0.0  0.0  0.0  0.0  0.0  0.0  0.0  0.0  0.0  0.0  0.0  0.0  0.0  0.0  0.0  0.0  0.0  0.0  0.0  0.0  0.0  0.0  0.0  0.0  0.0  0.2  0.4  0.6  0.8  0.9  1.1  1.2  1.4  1.5  1.7  1.8  1.9  2.0  2.2  2.3  2.3  2.4  2.6  2.6  2.7  2.7  2.8  2.8  2.9  2.9
-47 |  2.9  2.9  2.9  2.9  2.9  2.9  2.9  2.9  2.9  2.8  2.8  2.7  2.7  2.7  2.6  2.4  2.4  2.3  2.2  2.1  2.0  1.9  1.7  1.6  1.5  1.4  1.2  1.1  0.9  0.8  0.6  0.4  0.2  0.0  0.0  0.0  0.0  0.0  0.0  0.0  0.0  0.0  0.0  0.0  0.0  0.0  0.0  0.0  0.0  0.0  0.0  0.0  0.0  0.0  0.0  0.0  0.0  0.0  0.0  0.0  0.0  0.0  0.0  0.0  0.0  0.3  0.5  0.7  0.8  1.0  1.1  1.3  1.4  1.5  1.7  1.8  1.9  2.0  2.2  2.3  2.3  2.4  2.6  2.6  2.7  2.7  2.8  2.8  2.8  2.9
-49 |  2.9  2.9  2.9  2.9  2.9  2.9  2.9  2.9  2.8  2.8  2.8  2.7  2.7  2.6  2.6  2.4  2.4  2.3  2.2  2.1  2.0  1.9  1.8  1.6  1.5  1.4  1.2  1.1  1.0  0.8  0.6  0.5  0.3  0.0  0.0  0.0  0.0  0.0  0.0  0.0  0.0  0.0  0.0  0.0  0.0  0.0  0.0  0.0  0.0  0.0  0.0  0.0  0.0  0.0  0.0  0.0  0.0  0.0  0.0  0.0  0.0  0.0  0.0  0.0  0.2  0.4  0.6  0.7  0.9  1.0  1.2  1.3  1.4  1.6  1.7  1.8  1.9  2.0  2.1  2.3  2.3  2.4  2.4  2.6  2.7  2.7  2.7  2.8  2.8  2.8
-51 |  2.8  2.9  2.9  2.9  2.9  2.9  2.8  2.8  2.8  2.8  2.7  2.7  2.7  2.6  2.6  2.4  2.3  2.3  2.2  2.1  2.0  1.9  1.8  1.6  1.5  1.4  1.3  1.2  1.0  0.9  0.7  0.6  0.4  0.2  0.0  0.0  0.0  0.0  0.0  0.0  0.0  0.0  0.0  0.0  0.0  0.0  0.0  0.0  0.0  0.0  0.0  0.0  0.0  0.0  0.0  0.0  0.0  0.0  0.0  0.0  0.0  0.0  0.0  0.1  0.3  0.5  0.6  0.8  0.9  1.1  1.2  1.3  1.5  1.6  1.7  1.8  1.9  2.0  2.1  2.3  2.3  2.4  2.4  2.6  2.6  2.7  2.7  2.8  2.8  2.8
-53 |  2.8  2.8  2.8  2.8  2.8  2.8  2.8  2.8  2.8  2.7  2.7  2.7  2.6  2.6  2.4  2.4  2.3  2.3  2.2  2.1  2.0  1.9  1.8  1.7  1.5  1.4  1.3  1.2  1.0  0.9  0.8  0.6  0.5  0.3  0.1  0.0  0.0  0.0  0.0  0.0  0.0  0.0  0.0  0.0  0.0  0.0  0.0  0.0  0.0  0.0  0.0  0.0  0.0  0.0  0.0  0.0  0.0  0.0  0.0  0.0  0.0  0.0  0.0  0.2  0.4  0.6  0.7  0.8  1.0  1.1  1.2  1.4  1.5  1.6  1.7  1.8  1.9  2.0  2.1  2.2  2.3  2.4  2.4  2.6  2.6  2.7  2.7  2.7  2.8  2.8
-55 |  2.8  2.8  2.8  2.8  2.8  2.8  2.8  2.8  2.7  2.7  2.7  2.6  2.6  2.6  2.4  2.4  2.3  2.3  2.2  2.1  2.0  1.9  1.8  1.7  1.6  1.4  1.3  1.2  1.1  1.0  0.8  0.7  0.6  0.4  0.2  0.0  0.0  0.0  0.0  0.0  0.0  0.0  0.0  0.0  0.0  0.0  0.0  0.0  0.0  0.0  0.0  0.0  0.0  0.0  0.0  0.0  0.0  0.0  0.0  0.0  0.0  0.0  0.2  0.3  0.5  0.6  0.8  0.9  1.0  1.2  1.3  1.4  1.5  1.6  1.7  1.8  1.9  2.0  2.1  2.2  2.3  2.3  2.4  2.4  2.6  2.6  2.7  2.7  2.7  2.8
-57 |  2.7  2.7  2.8  2.8  2.8  2.8  2.7  2.7  2.7  2.7  2.7  2.6  2.6  2.4  2.4  2.3  2.3  2.2  2.1  2.1  2.0  1.9  1.8  1.7  1.6  1.5  1.4  1.2  1.1  1.0  0.9  0.8  0.6  0.5  0.4  0.2  0.0  0.0  0.0  0.0  0.0  0.0  0.0  0.0  0.0  0.0  0.0  0.0  0.0  0.0  0.0  0.0  0.0  0.0  0.0  0.0  0.0  0.0  0.0  0.0  0.0  0.1  0.3  0.4  0.6  0.7  0.8  0.9  1.1  1.2  1.3  1.4  1.5  1.6  1.7  1.8  1.9  2.0  2.1  2.2  2.3  2.3  2.4  2.4  2.6  2.6  2.6  2.7  2.7  2.7
-59 |  2.7  2.7  2.7  2.7  2.7  2.7  2.7  2.7  2.7  2.6  2.6  2.6  2.6  2.4  2.4  2.3  2.3  2.2  2.1  2.0  1.9  1.9  1.8  1.7  1.6  1.5  1.4  1.3  1.2  1.0  0.9  0.8  0.7  0.6  0.5  0.3  0.2  0.0  0.0  0.0  0.0  0.0  0.0  0.0  0.0  0.0  0.0  0.0  0.0  0.0  0.0  0.0  0.0  0.0  0.0  0.0  0.0  0.0  0.0  0.0  0.1  0.3  0.4  0.5  0.7  0.8  0.9  1.0  1.1  1.2  1.3  1.4  1.5  1.6  1.7  1.8  1.9  2.0  2.1  2.2  2.3  2.3  2.3  2.4  2.4  2.6  2.6  2.6  2.7  2.7
-61 |  2.7  2.7  2.7  2.7  2.7  2.7  2.7  2.6  2.6  2.6  2.6  2.6  2.4  2.4  2.3  2.3  2.3  2.2  2.1  2.0  1.9  1.9  1.8  1.7  1.6  1.5  1.4  1.3  1.2  1.1  1.0  0.9  0.8  0.7  0.6  0.5  0.3  0.2  0.1  0.0  0.0  0.0  0.0  0.0  0.0  0.0  0.0  0.0  0.0  0.0  0.0  0.0  0.0  0.0  0.0  0.0  0.0  0.0  0.0  0.1  0.3  0.4  0.5  0.6  0.7  0.8  0.9  1.0  1.2  1.2  1.4  1.4  1.5  1.6  1.7  1.8  1.9  2.0  2.1  2.1  2.2  2.3  2.3  2.4  2.4  2.4  2.6  2.6  2.6  2.6
-63 |  2.6  2.6  2.6  2.6  2.6  2.6  2.6  2.6  2.6  2.6  2.4  2.4  2.4  2.4  2.3  2.3  2.2  2.1  2.1  2.0  1.9  1.9  1.8  1.7  1.6  1.5  1.4  1.3  1.2  1.2  1.0  0.9  0.9  0.8  0.7  0.6  0.5  0.4  0.3  0.1  0.0  0.0  0.0  0.0  0.0  0.0  0.0  0.0  0.0  0.0  0.0  0.0  0.0  0.0  0.0  0.0  0.0  0.1  0.2  0.3  0.4  0.5  0.6  0.7  0.8  0.9  1.0  1.1  1.2  1.3  1.4  1.5  1.6  1.6  1.7  1.8  1.9  2.0  2.0  2.1  2.2  2.3  2.3  2.3  2.4  2.4  2.4  2.6  2.6  2.6
-65 |  2.6  2.6  2.6  2.6  2.6  2.6  2.6  2.6  2.4  2.4  2.4  2.4  2.4  2.3  2.3  2.3  2.2  2.1  2.1  2.0  1.9  1.8  1.8  1.7  1.6  1.5  1.4  1.4  1.3  1.2  1.1  1.0  0.9  0.8  0.7  0.7  0.6  0.5  0.4  0.3  0.2  0.1  0.0  0.0  0.0  0.0  0.0  0.0  0.0  0.0  0.0  0.0  0.0  0.0  0.0  0.1  0.2  0.3  0.4  0.4  0.5  0.6  0.7  0.8  0.9  1.0  1.0  1.2  1.2  1.3  1.4  1.5  1.6  1.6  1.7  1.8  1.9  1.9  2.0  2.1  2.1  2.2  2.3  2.3  2.3  2.4  2.4  2.4  2.4  2.6
-67 |  2.4  2.4  2.4  2.4  2.4  2.4  2.4  2.4  2.4  2.4  2.4  2.3  2.3  2.3  2.3  2.2  2.1  2.1  2.0  2.0  1.9  1.8  1.8  1.7  1.6  1.5  1.5  1.4  1.3  1.2  1.2  1.1  1.0  0.9  0.8  0.7  0.7  0.6  0.5  0.5  0.4  0.3  0.3  0.2  0.1  0.1  0.1  0.0  0.0  0.0  0.0  0.1  0.1  0.2  0.2  0.3  0.3  0.4  0.5  0.6  0.6  0.7  0.8  0.9  0.9  1.0  1.1  1.2  1.3  1.3  1.4  1.5  1.6  1.6  1.7  1.8  1.9  1.9  2.0  2.1  2.1  2.2  2.2  2.3  2.3  2.3  2.4  2.4  2.4  2.4
-69 |  2.4  2.4  2.4  2.4  2.4  2.4  2.4  2.4  2.4  2.3  2.3  2.3  2.3  2.3  2.2  2.2  2.1  2.1  2.0  1.9  1.9  1.8  1.8  1.7  1.6  1.5  1.5  1.4  1.3  1.3  1.2  1.1  1.0  1.0  0.9  0.8  0.8  0.7  0.6  0.6  0.5  0.5  0.4  0.4  0.3  0.3  0.3  0.3  0.3  0.3  0.3  0.3  0.3  0.4  0.4  0.4  0.5  0.6  0.6  0.7  0.7  0.8  0.9  0.9  1.0  1.1  1.2  1.2  1.3  1.4  1.4  1.5  1.6  1.6  1.7  1.8  1.9  1.9  2.0  2.0  2.1  2.1  2.2  2.2  2.3  2.3  2.3  2.3  2.4  2.4
-71 |  2.3  2.3  2.3  2.3  2.3  2.3  2.3  2.3  2.3  2.3  2.3  2.3  2.2  2.2  2.1  2.1  2.1  2.0  2.0  1.9  1.9  1.8  1.7  1.7  1.6  1.6  1.5  1.4  1.4  1.3  1.2  1.2  1.1  1.0  1.0  0.9  0.9  0.8  0.7  0.7  0.6  0.6  0.6  0.5  0.5  0.5  0.5  0.4  0.4  0.4  0.4  0.5  0.5  0.5  0.6  0.6  0.6  0.7  0.7  0.8  0.8  0.9  0.9  1.0  1.1  1.1  1.2  1.3  1.3  1.4  1.5  1.5  1.6  1.6  1.7  1.8  1.8  1.9  1.9  2.0  2.0  2.1  2.1  2.2  2.2  2.3  2.3  2.3  2.3  2.3
-73 |  2.3  2.3  2.3  2.3  2.3  2.3  2.3  2.3  2.3  2.3  2.2  2.2  2.2  2.1  2.1  2.1  2.0  2.0  1.9  1.9  1.8  1.8  1.7  1.7  1.6  1.6  1.5  1.4  1.4  1.3  1.3  1.2  1.2  1.1  1.0  1.0  0.9  0.9  0.9  0.8  0.8  0.7  0.7  0.7  0.6  0.6  0.6  0.6  0.6  0.6  0.6  0.6  0.6  0.7  0.7  0.7  0.7  0.8  0.8  0.9  0.9  1.0  1.0  1.1  1.1  1.2  1.2  1.3  1.4  1.4  1.5  1.5  1.6  1.6  1.7  1.8  1.8  1.9  1.9  2.0  2.0  2.0  2.1  2.1  2.1  2.2  2.2  2.2  2.3  2.3
-75 |  2.2  2.2  2.2  2.2  2.2  2.2  2.2  2.2  2.2  2.2  2.2  2.1  2.1  2.1  2.0  2.0  2.0  1.9  1.9  1.9  1.8  1.8  1.7  1.7  1.6  1.6  1.5  1.5  1.4  1.4  1.3  1.3  1.2  1.2  1.1  1.1  1.0  1.0  0.9  0.9  0.9  0.9  0.8  0.8  0.8  0.8  0.7  0.7  0.7  0.7  0.7  0.7  0.8  0.8  0.8  0.8  0.9  0.9  0.9  1.0  1.0  1.0  1.1  1.2  1.2  1.2  1.3  1.3  1.4  1.4  1.5  1.5  1.6  1.6  1.7  1.7  1.8  1.8  1.9  1.9  2.0  2.0  2.0  2.1  2.1  2.1  2.1  2.2  2.2  2.2
-77 |  2.1  2.1  2.1  2.1  2.1  2.1  2.1  2.1  2.1  2.1  2.1  2.1  2.0  2.0  2.0  2.0  1.9  1.9  1.9  1.8  1.8  1.7  1.7  1.7  1.6  1.6  1.5  1.5  1.4  1.4  1.4  1.3  1.3  1.2  1.2  1.2  1.1  1.1  1.0  1.0  1.0  1.0  0.9  0.9  0.9  0.9  0.9  0.9  0.9  0.9  0.9  0.9  0.9  0.9  0.9  0.9  1.0  1.0  1.0  1.1  1.1  1.1  1.2  1.2  1.2  1.3  1.3  1.4  1.4  1.5  1.5  1.6  1.6  1.6  1.7  1.7  1.8  1.8  1.8  1.9  1.9  1.9  2.0  2.0  2.0  2.1  2.1  2.1  2.1  2.1
-79 |  2.1  2.1  2.1  2.1  2.1  2.1  2.1  2.1  2.0  2.0  2.0  2.0  2.0  1.9  1.9  1.9  1.9  1.9  1.8  1.8  1.8  1.7  1.7  1.7  1.6  1.6  1.5  1.5  1.5  1.4  1.4  1.4  1.3  1.3  1.3  1.2  1.2  1.2  1.1  1.1  1.1  1.1  1.0  1.0  1.0  1.0  1.0  1.0  1.0  1.0  1.0  1.0  1.0  1.0  1.0  1.0  1.1  1.1  1.1  1.2  1.2  1.2  1.2  1.3  1.3  1.3  1.4  1.4  1.4  1.5  1.5  1.6  1.6  1.6  1.7  1.7  1.7  1.8  1.8  1.8  1.9  1.9  1.9  1.9  2.0  2.0  2.0  2.0  2.0  2.0
-81 |  2.0  2.0  2.0  2.0  2.0  2.0  2.0  2.0  2.0  1.9  1.9  1.9  1.9  1.9  1.9  1.9  1.8  1.8  1.8  1.8  1.7  1.7  1.7  1.6  1.6  1.6  1.5  1.5  1.5  1.5  1.4  1.4  1.4  1.3  1.3  1.3  1.3  1.2  1.2  1.2  1.2  1.2  1.2  1.1  1.1  1.1  1.1  1.1  1.1  1.1  1.1  1.1  1.1  1.1  1.2  1.2  1.2  1.2  1.2  1.2  1.3  1.3  1.3  1.3  1.4  1.4  1.4  1.4  1.5  1.5  1.5  1.6  1.6  1.6  1.7  1.7  1.7  1.7  1.8  1.8  1.8  1.8  1.9  1.9  1.9  1.9  1.9  1.9  2.0  2.0
-83 |  1.9  1.9  1.9  1.9  1.9  1.9  1.9  1.9  1.9  1.9  1.9  1.9  1.8  1.8  1.8  1.8  1.8  1.8  1.7  1.7  1.7  1.7  1.6  1.6  1.6  1.6  1.6  1.5  1.5  1.5  1.5  1.4  1.4  1.4  1.4  1.4  1.3  1.3  1.3  1.3  1.3  1.3  1.2  1.2  1.2  1.2  1.2  1.2  1.2  1.2  1.2  1.2  1.2  1.2  1.2  1.3  1.3  1.3  1.3  1.3  1.3  1.4  1.4  1.4  1.4  1.4  1.5  1.5  1.5  1.5  1.5  1.6  1.6  1.6  1.6  1.7  1.7  1.7  1.7  1.7  1.8  1.8  1.8  1.8  1.8  1.8  1.9  1.9  1.9  1.9
-85 |  1.8  1.8  1.8  1.8  1.8  1.8  1.8  1.8  1.8  1.8  1.8  1.8  1.8  1.8  1.7  1.7  1.7  1.7  1.7  1.7  1.7  1.6  1.6  1.6  1.6  1.6  1.6  1.5  1.5  1.5  1.5  1.5  1.5  1.5  1.4  1.4  1.4  1.4  1.4  1.4  1.4  1.4  1.4  1.3  1.3  1.3  1.3  1.3  1.3  1.3  1.3  1.3  1.3  1.3  1.3  1.4  1.4  1.4  1.4  1.4  1.4  1.4  1.4  1.4  1.5  1.5  1.5  1.5  1.5  1.5  1.6  1.6  1.6  1.6  1.6  1.6  1.7  1.7  1.7  1.7  1.7  1.7  1.7  1.7  1.8  1.8  1.8  1.8  1.8  1.8
-87 |  1.7  1.7  1.7  1.7  1.7  1.7  1.7  1.7  1.7  1.7  1.7  1.7  1.7  1.7  1.7  1.7  1.7  1.7  1.6  1.6  1.6  1.6  1.6  1.6  1.6  1.6  1.6  1.6  1.5  1.5  1.5  1.5  1.5  1.5  1.5  1.5  1.5  1.5  1.5  1.5  1.4  1.4  1.4  1.4  1.4  1.4  1.4  1.4  1.4  1.4  1.4  1.4  1.4  1.4  1.4  1.4  1.4  1.5  1.5  1.5  1.5  1.5  1.5  1.5  1.5  1.5  1.5  1.5  1.5  1.6  1.6  1.6  1.6  1.6  1.6  1.6  1.6  1.6  1.6  1.6  1.7  1.7  1.7  1.7  1.7  1.7  1.7  1.7  1.7  1.7
-89 |  1.6  1.6  1.6  1.6  1.6  1.6  1.6  1.6  1.6  1.6  1.6  1.6  1.6  1.6  1.6  1.6  1.6  1.6  1.6  1.6  1.6  1.6  1.6  1.6  1.6  1.6  1.6  1.6  1.6  1.6  1.6  1.6  1.6  1.5  1.5  1.5  1.5  1.5  1.5  1.5  1.5  1.5  1.5  1.5  1.5  1.5  1.5  1.5  1.5  1.5  1.5  1.5  1.5  1.5  1.5  1.5  1.5  1.5  1.5  1.5  1.5  1.5  1.5  1.5  1.5  1.6  1.6  1.6  1.6  1.6  1.6  1.6  1.6  1.6  1.6  1.6  1.6  1.6  1.6  1.6  1.6  1.6  1.6  1.6  1.6  1.6  1.6  1.6  1.6  1.6
