# DRAP Tabular Values
# Product: D-Region Absorption         S:\DRAP Archive\SWX_DRAP20_C_SWPC_20150401180000_GLOBAL.txt
# Product Valid At : 2015-04-01 18:00 UTC
#
# Prepared by the U.S. Dept. of Commerce, NOAA, Space Weather Prediction Center.
# Please send comments and suggestions to SWPC.Webmaster@noaa.gov
#
# Estimated Recovery Time : No Estimate
#
#  X-RAY Message : Normal X-ray Background
#
#  X-RAY Warning :  
#
#  Proton Message : Normal Proton Background
#
#  Proton Warning : 
#
# Frequency (MHz) as a function of Latitude and Longitude
#
      -178 -174 -170 -166 -162 -158 -154 -150 -146 -142 -138 -134 -130 -126 -122 -118 -114 -110 -106 -102  -98  -94  -90  -86  -82  -78  -74  -70  -66  -62  -58  -54  -50  -46  -42  -38  -34  -30  -26  -22  -18  -14  -10   -6   -2    2    6   10   14   18   22   26   30   34   38   42   46   50   54   58   62   66   70   74   78   82   86   90   94   98  102  106  110  114  118  122  126  130  134  138  142  146  150  154  158  162  166  170  174  178
------------------------------------------------------------------------------------------------------------------------------------------------------------------------------------------------------------------------------------------------------------------------------------------------------------------------------------------------------------------------------------------------------------------------------------------------------------------------
 89 |  0.3  0.3  0.3  0.3  0.3  0.3  0.3  0.3  0.3  0.3  0.3  0.3  0.3  0.3  0.3  0.3  0.3  0.3  0.3  0.3  0.3  0.3  0.3  0.3  0.3  0.3  0.3  0.3  0.3  0.3  0.3  0.3  0.3  0.3  0.3  0.3  0.3  0.3  0.3  0.3  0.3  0.3  0.3  0.3  0.3  0.3  0.3  0.3  0.3  0.3  0.2  0.2  0.2  0.2  0.2  0.2  0.2  0.2  0.2  0.2  0.2  0.2  0.2  0.2  0.2  0.2  0.2  0.2  0.2  0.2  0.2  0.2  0.2  0.2  0.2  0.2  0.2  0.2  0.2  0.2  0.2  0.2  0.2  0.2  0.2  0.3  0.3  0.3  0.3  0.3
 87 |  0.3  0.3  0.3  0.3  0.3  0.3  0.3  0.3  0.3  0.3  0.4  0.4  0.4  0.4  0.4  0.4  0.4  0.4  0.4  0.4  0.4  0.4  0.4  0.4  0.4  0.4  0.4  0.4  0.4  0.4  0.4  0.4  0.4  0.4  0.4  0.3  0.3  0.3  0.3  0.3  0.3  0.3  0.3  0.3  0.3  0.3  0.3  0.2  0.2  0.2  0.2  0.2  0.2  0.2  0.2  0.2  0.2  0.1  0.1  0.1  0.1  0.1  0.1  0.1  0.1  0.1  0.1  0.1  0.1  0.1  0.1  0.1  0.1  0.1  0.1  0.1  0.1  0.1  0.2  0.2  0.2  0.2  0.2  0.2  0.2  0.2  0.2  0.2  0.3  0.3
 85 |  0.3  0.3  0.3  0.3  0.3  0.3  0.4  0.4  0.4  0.4  0.4  0.4  0.4  0.4  0.4  0.5  0.5  0.5  0.5  0.5  0.5  0.5  0.5  0.5  0.5  0.5  0.5  0.5  0.5  0.5  0.4  0.4  0.4  0.4  0.4  0.4  0.4  0.4  0.4  0.3  0.3  0.3  0.3  0.3  0.3  0.3  0.2  0.2  0.2  0.2  0.2  0.2  0.1  0.1  0.1  0.1  0.1  0.0  0.0  0.0  0.0  0.0  0.0  0.0  0.0  0.0  0.0  0.0  0.0  0.0  0.0  0.0  0.0  0.0  0.0  0.0  0.0  0.0  0.1  0.1  0.1  0.1  0.1  0.2  0.2  0.2  0.2  0.2  0.2  0.3
 83 |  0.3  0.3  0.3  0.3  0.4  0.4  0.4  0.4  0.4  0.4  0.5  0.5  0.5  0.5  0.5  0.5  0.5  0.5  0.6  0.6  0.6  0.6  0.6  0.6  0.6  0.6  0.6  0.5  0.5  0.5  0.5  0.5  0.5  0.5  0.5  0.4  0.4  0.4  0.4  0.4  0.4  0.3  0.3  0.3  0.3  0.3  0.2  0.2  0.2  0.2  0.1  0.1  0.1  0.0  0.0  0.0  0.0  0.0  0.0  0.0  0.0  0.0  0.0  0.0  0.0  0.0  0.0  0.0  0.0  0.0  0.0  0.0  0.0  0.0  0.0  0.0  0.0  0.0  0.0  0.0  0.0  0.0  0.1  0.1  0.1  0.2  0.2  0.2  0.2  0.3
 81 |  0.3  0.3  0.3  0.4  0.4  0.4  0.4  0.5  0.5  0.5  0.5  0.5  0.6  0.6  0.6  0.6  0.6  0.6  0.6  0.6  0.6  0.6  0.6  0.6  0.6  0.6  0.6  0.6  0.6  0.6  0.6  0.6  0.6  0.5  0.5  0.5  0.5  0.5  0.4  0.4  0.4  0.4  0.3  0.3  0.3  0.3  0.2  0.2  0.2  0.1  0.1  0.0  0.0  0.0  0.0  0.0  0.0  0.0  0.0  0.0  0.0  0.0  0.0  0.0  0.0  0.0  0.0  0.0  0.0  0.0  0.0  0.0  0.0  0.0  0.0  0.0  0.0  0.0  0.0  0.0  0.0  0.0  0.0  0.0  0.1  0.1  0.2  0.2  0.2  0.3
 79 |  0.3  0.3  0.3  0.4  0.4  0.4  0.5  0.5  0.5  0.6  0.6  0.6  0.6  0.6  0.6  0.6  0.7  0.7  0.7  0.7  0.7  0.7  0.7  0.7  0.7  0.7  0.7  0.7  0.7  0.6  0.6  0.6  0.6  0.6  0.6  0.6  0.5  0.5  0.5  0.4  0.4  0.4  0.3  0.3  0.3  0.2  0.2  0.2  0.1  0.1  0.0  0.0  0.0  0.0  0.0  0.0  0.0  0.0  0.0  0.0  0.0  0.0  0.0  0.0  0.0  0.0  0.0  0.0  0.0  0.0  0.0  0.0  0.0  0.0  0.0  0.0  0.0  0.0  0.0  0.0  0.0  0.0  0.0  0.0  0.0  0.1  0.1  0.2  0.2  0.2
 77 |  0.3  0.3  0.4  0.4  0.4  0.5  0.5  0.5  0.6  0.6  0.6  0.6  0.7  0.7  0.7  0.7  0.7  0.7  0.7  0.7  0.7  0.8  0.8  0.8  0.7  0.7  0.7  0.7  0.7  0.7  0.7  0.7  0.7  0.6  0.6  0.6  0.6  0.5  0.5  0.5  0.4  0.4  0.4  0.3  0.3  0.2  0.2  0.1  0.1  0.0  0.0  0.0  0.0  0.0  0.0  0.0  0.0  0.0  0.0  0.0  0.0  0.0  0.0  0.0  0.0  0.0  0.0  0.0  0.0  0.0  0.0  0.0  0.0  0.0  0.0  0.0  0.0  0.0  0.0  0.0  0.0  0.0  0.0  0.0  0.0  0.0  0.1  0.1  0.2  0.2
 75 |  0.3  0.3  0.4  0.4  0.5  0.5  0.5  0.6  0.6  0.6  0.7  0.7  0.7  0.7  0.7  0.8  0.8  0.8  0.8  0.8  0.8  0.8  0.8  0.8  0.8  0.8  0.8  0.8  0.8  0.8  0.7  0.7  0.7  0.7  0.7  0.6  0.6  0.6  0.5  0.5  0.5  0.4  0.4  0.3  0.3  0.2  0.2  0.1  0.1  0.0  0.0  0.0  0.0  0.0  0.0  0.0  0.0  0.0  0.0  0.0  0.0  0.0  0.0  0.0  0.0  0.0  0.0  0.0  0.0  0.0  0.0  0.0  0.0  0.0  0.0  0.0  0.0  0.0  0.0  0.0  0.0  0.0  0.0  0.0  0.0  0.0  0.1  0.1  0.2  0.2
 73 |  0.3  0.3  0.4  0.4  0.5  0.5  0.6  0.6  0.6  0.7  0.7  0.7  0.7  0.8  0.8  0.8  0.8  0.8  0.9  0.9  0.9  0.9  0.9  0.9  0.9  0.9  0.9  0.8  0.8  0.8  0.8  0.8  0.7  0.7  0.7  0.7  0.6  0.6  0.6  0.5  0.5  0.4  0.4  0.3  0.3  0.2  0.2  0.1  0.0  0.0  0.0  0.0  0.0  0.0  0.0  0.0  0.0  0.0  0.0  0.0  0.0  0.0  0.0  0.0  0.0  0.0  0.0  0.0  0.0  0.0  0.0  0.0  0.0  0.0  0.0  0.0  0.0  0.0  0.0  0.0  0.0  0.0  0.0  0.0  0.0  0.0  0.0  0.1  0.2  0.2
 71 |  0.3  0.3  0.4  0.4  0.5  0.6  0.6  0.6  0.7  0.7  0.7  0.8  0.8  0.8  0.8  0.9  0.9  0.9  0.9  0.9  0.9  0.9  0.9  0.9  0.9  0.9  0.9  0.9  0.9  0.9  0.8  0.8  0.8  0.8  0.7  0.7  0.7  0.6  0.6  0.6  0.5  0.4  0.4  0.3  0.3  0.2  0.2  0.1  0.0  0.0  0.0  0.0  0.0  0.0  0.0  0.0  0.0  0.0  0.0  0.0  0.0  0.0  0.0  0.0  0.0  0.0  0.0  0.0  0.0  0.0  0.0  0.0  0.0  0.0  0.0  0.0  0.0  0.0  0.0  0.0  0.0  0.0  0.0  0.0  0.0  0.0  0.0  0.1  0.2  0.2
 69 |  0.3  0.3  0.4  0.5  0.5  0.6  0.6  0.7  0.7  0.7  0.8  0.8  0.8  0.9  0.9  0.9  0.9  0.9  1.0  1.0  1.0  1.0  1.0  1.0  1.0  1.0  1.0  0.9  0.9  0.9  0.9  0.9  0.8  0.8  0.8  0.7  0.7  0.7  0.6  0.6  0.5  0.5  0.4  0.3  0.3  0.2  0.1  0.0  0.0  0.0  0.0  0.0  0.0  0.0  0.0  0.0  0.0  0.0  0.0  0.0  0.0  0.0  0.0  0.0  0.0  0.0  0.0  0.0  0.0  0.0  0.0  0.0  0.0  0.0  0.0  0.0  0.0  0.0  0.0  0.0  0.0  0.0  0.0  0.0  0.0  0.0  0.0  0.0  0.1  0.2
 67 |  0.3  0.4  0.4  0.5  0.5  0.6  0.6  0.7  0.7  0.8  0.8  0.9  0.9  0.9  0.9  1.0  1.0  1.0  1.0  1.0  1.0  1.0  1.0  1.0  1.0  1.0  1.0  1.0  1.0  1.0  0.9  0.9  0.9  0.9  0.8  0.8  0.7  0.7  0.6  0.6  0.5  0.5  0.4  0.4  0.3  0.2  0.1  0.0  0.0  0.0  0.0  0.0  0.0  0.0  0.0  0.0  0.0  0.0  0.0  0.0  0.0  0.0  0.0  0.0  0.0  0.0  0.0  0.0  0.0  0.0  0.0  0.0  0.0  0.0  0.0  0.0  0.0  0.0  0.0  0.0  0.0  0.0  0.0  0.0  0.0  0.0  0.0  0.0  0.1  0.2
 65 |  0.3  0.4  0.4  0.5  0.6  0.6  0.7  0.7  0.8  0.8  0.9  0.9  0.9  1.0  1.0  1.0  1.0  1.0  1.1  1.1  1.1  1.1  1.1  1.1  1.1  1.1  1.1  1.0  1.0  1.0  1.0  1.0  0.9  0.9  0.9  0.8  0.8  0.7  0.7  0.6  0.6  0.5  0.4  0.4  0.3  0.2  0.1  0.0  0.0  0.0  0.0  0.0  0.0  0.0  0.0  0.0  0.0  0.0  0.0  0.0  0.0  0.0  0.0  0.0  0.0  0.0  0.0  0.0  0.0  0.0  0.0  0.0  0.0  0.0  0.0  0.0  0.0  0.0  0.0  0.0  0.0  0.0  0.0  0.0  0.0  0.0  0.0  0.0  0.1  0.2
 63 |  0.3  0.4  0.4  0.5  0.6  0.6  0.7  0.7  0.8  0.8  0.9  0.9  1.0  1.0  1.0  1.0  1.1  1.1  1.1  1.1  1.1  1.2  1.2  1.2  1.1  1.1  1.1  1.1  1.1  1.0  1.0  1.0  1.0  0.9  0.9  0.8  0.8  0.7  0.7  0.6  0.6  0.5  0.4  0.4  0.3  0.2  0.1  0.0  0.0  0.0  0.0  0.0  0.0  0.0  0.0  0.0  0.0  0.0  0.0  0.0  0.0  0.0  0.0  0.0  0.0  0.0  0.0  0.0  0.0  0.0  0.0  0.0  0.0  0.0  0.0  0.0  0.0  0.0  0.0  0.0  0.0  0.0  0.0  0.0  0.0  0.0  0.0  0.0  0.1  0.2
 61 |  0.3  0.4  0.4  0.5  0.6  0.7  0.7  0.8  0.8  0.9  0.9  1.0  1.0  1.0  1.1  1.1  1.1  1.2  1.2  1.2  1.2  1.2  1.2  1.2  1.2  1.2  1.2  1.2  1.1  1.1  1.1  1.0  1.0  1.0  0.9  0.9  0.8  0.8  0.7  0.7  0.6  0.5  0.4  0.4  0.3  0.2  0.1  0.0  0.0  0.0  0.0  0.0  0.0  0.0  0.0  0.0  0.0  0.0  0.0  0.0  0.0  0.0  0.0  0.0  0.0  0.0  0.0  0.0  0.0  0.0  0.0  0.0  0.0  0.0  0.0  0.0  0.0  0.0  0.0  0.0  0.0  0.0  0.0  0.0  0.0  0.0  0.0  0.0  0.1  0.2
 59 |  0.3  0.4  0.5  0.5  0.6  0.7  0.7  0.8  0.9  0.9  0.9  1.0  1.0  1.1  1.1  1.2  1.2  1.2  1.2  1.2  1.2  1.2  1.2  1.2  1.2  1.2  1.2  1.2  1.2  1.2  1.1  1.1  1.0  1.0  0.9  0.9  0.9  0.8  0.7  0.7  0.6  0.5  0.5  0.4  0.3  0.2  0.1  0.0  0.0  0.0  0.0  0.0  0.0  0.0  0.0  0.0  0.0  0.0  0.0  0.0  0.0  0.0  0.0  0.0  0.0  0.0  0.0  0.0  0.0  0.0  0.0  0.0  0.0  0.0  0.0  0.0  0.0  0.0  0.0  0.0  0.0  0.0  0.0  0.0  0.0  0.0  0.0  0.0  0.1  0.2
 57 |  0.3  0.4  0.5  0.6  0.6  0.7  0.8  0.8  0.9  0.9  1.0  1.0  1.1  1.1  1.2  1.2  1.2  1.2  1.2  1.3  1.3  1.3  1.3  1.3  1.3  1.3  1.2  1.2  1.2  1.2  1.2  1.1  1.1  1.0  1.0  0.9  0.9  0.8  0.8  0.7  0.6  0.6  0.5  0.4  0.3  0.2  0.0  0.0  0.0  0.0  0.0  0.0  0.0  0.0  0.0  0.0  0.0  0.0  0.0  0.0  0.0  0.0  0.0  0.0  0.0  0.0  0.0  0.0  0.0  0.0  0.0  0.0  0.0  0.0  0.0  0.0  0.0  0.0  0.0  0.0  0.0  0.0  0.0  0.0  0.0  0.0  0.0  0.0  0.0  0.2
 55 |  0.3  0.4  0.5  0.6  0.6  0.7  0.8  0.9  0.9  1.0  1.0  1.1  1.1  1.2  1.2  1.2  1.2  1.3  1.3  1.3  1.3  1.3  1.3  1.3  1.3  1.3  1.3  1.3  1.2  1.2  1.2  1.2  1.1  1.1  1.0  1.0  0.9  0.9  0.8  0.7  0.6  0.6  0.5  0.4  0.3  0.2  0.0  0.0  0.0  0.0  0.0  0.0  0.0  0.0  0.0  0.0  0.0  0.0  0.0  0.0  0.0  0.0  0.0  0.0  0.0  0.0  0.0  0.0  0.0  0.0  0.0  0.0  0.0  0.0  0.0  0.0  0.0  0.0  0.0  0.0  0.0  0.0  0.0  0.0  0.0  0.0  0.0  0.0  0.0  0.2
 53 |  0.3  0.4  0.5  0.6  0.7  0.7  0.8  0.9  0.9  1.0  1.0  1.1  1.2  1.2  1.2  1.3  1.3  1.3  1.3  1.4  1.4  1.4  1.4  1.4  1.4  1.4  1.3  1.3  1.3  1.3  1.2  1.2  1.2  1.1  1.0  1.0  0.9  0.9  0.8  0.7  0.7  0.6  0.5  0.4  0.3  0.2  0.0  0.0  0.0  0.0  0.0  0.0  0.0  0.0  0.0  0.0  0.0  0.0  0.0  0.0  0.0  0.0  0.0  0.0  0.0  0.0  0.0  0.0  0.0  0.0  0.0  0.0  0.0  0.0  0.0  0.0  0.0  0.0  0.0  0.0  0.0  0.0  0.0  0.0  0.0  0.0  0.0  0.0  0.0  0.2
 51 |  0.3  0.4  0.5  0.6  0.7  0.7  0.8  0.9  1.0  1.0  1.1  1.1  1.2  1.2  1.3  1.3  1.3  1.4  1.4  1.4  1.4  1.4  1.4  1.4  1.4  1.4  1.4  1.4  1.3  1.3  1.3  1.2  1.2  1.1  1.1  1.0  1.0  0.9  0.8  0.7  0.7  0.6  0.5  0.4  0.3  0.2  0.0  0.0  0.0  0.0  0.0  0.0  0.0  0.0  0.0  0.0  0.0  0.0  0.0  0.0  0.0  0.0  0.0  0.0  0.0  0.0  0.0  0.0  0.0  0.0  0.0  0.0  0.0  0.0  0.0  0.0  0.0  0.0  0.0  0.0  0.0  0.0  0.0  0.0  0.0  0.0  0.0  0.0  0.0  0.2
 49 |  0.3  0.4  0.5  0.6  0.7  0.8  0.8  0.9  1.0  1.0  1.1  1.2  1.2  1.2  1.3  1.3  1.4  1.4  1.4  1.4  1.4  1.4  1.4  1.4  1.4  1.4  1.4  1.4  1.4  1.3  1.3  1.2  1.2  1.2  1.1  1.0  1.0  0.9  0.8  0.8  0.7  0.6  0.5  0.4  0.3  0.1  0.0  0.0  0.0  0.0  0.0  0.0  0.0  0.0  0.0  0.0  0.0  0.0  0.0  0.0  0.0  0.0  0.0  0.0  0.0  0.0  0.0  0.0  0.0  0.0  0.0  0.0  0.0  0.0  0.0  0.0  0.0  0.0  0.0  0.0  0.0  0.0  0.0  0.0  0.0  0.0  0.0  0.0  0.0  0.1
 47 |  0.3  0.4  0.5  0.6  0.7  0.8  0.9  0.9  1.0  1.1  1.1  1.2  1.2  1.3  1.3  1.4  1.4  1.4  1.4  1.5  1.5  1.5  1.5  1.5  1.5  1.5  1.4  1.4  1.4  1.4  1.3  1.3  1.2  1.2  1.1  1.1  1.0  0.9  0.9  0.8  0.7  0.6  0.5  0.4  0.3  0.1  0.0  0.0  0.0  0.0  0.0  0.0  0.0  0.0  0.0  0.0  0.0  0.0  0.0  0.0  0.0  0.0  0.0  0.0  0.0  0.0  0.0  0.0  0.0  0.0  0.0  0.0  0.0  0.0  0.0  0.0  0.0  0.0  0.0  0.0  0.0  0.0  0.0  0.0  0.0  0.0  0.0  0.0  0.0  0.1
 45 |  0.3  0.4  0.5  0.6  0.7  0.8  0.9  0.9  1.0  1.1  1.2  1.2  1.3  1.3  1.4  1.4  1.4  1.4  1.5  1.5  1.5  1.5  1.5  1.5  1.5  1.5  1.5  1.4  1.4  1.4  1.4  1.3  1.3  1.2  1.2  1.1  1.0  0.9  0.9  0.8  0.7  0.6  0.5  0.4  0.3  0.1  0.0  0.0  0.0  0.0  0.0  0.0  0.0  0.0  0.0  0.0  0.0  0.0  0.0  0.0  0.0  0.0  0.0  0.0  0.0  0.0  0.0  0.0  0.0  0.0  0.0  0.0  0.0  0.0  0.0  0.0  0.0  0.0  0.0  0.0  0.0  0.0  0.0  0.0  0.0  0.0  0.0  0.0  0.0  0.1
 43 |  0.3  0.4  0.5  0.6  0.7  0.8  0.9  1.0  1.0  1.1  1.2  1.2  1.3  1.3  1.4  1.4  1.5  1.5  1.5  1.5  1.5  1.5  1.5  1.5  1.5  1.5  1.5  1.5  1.5  1.4  1.4  1.3  1.3  1.2  1.2  1.1  1.0  1.0  0.9  0.8  0.7  0.6  0.5  0.4  0.3  0.1  0.0  0.0  0.0  0.0  0.0  0.0  0.0  0.0  0.0  0.0  0.0  0.0  0.0  0.0  0.0  0.0  0.0  0.0  0.0  0.0  0.0  0.0  0.0  0.0  0.0  0.0  0.0  0.0  0.0  0.0  0.0  0.0  0.0  0.0  0.0  0.0  0.0  0.0  0.0  0.0  0.0  0.0  0.0  0.1
 41 |  0.3  0.4  0.5  0.6  0.7  0.8  0.9  1.0  1.1  1.1  1.2  1.3  1.3  1.4  1.4  1.4  1.5  1.5  1.5  1.6  1.6  1.6  1.6  1.6  1.6  1.6  1.5  1.5  1.5  1.4  1.4  1.4  1.3  1.3  1.2  1.1  1.1  1.0  0.9  0.8  0.7  0.6  0.5  0.4  0.3  0.1  0.0  0.0  0.0  0.0  0.0  0.0  0.0  0.0  0.0  0.0  0.0  0.0  0.0  0.0  0.0  0.0  0.0  0.0  0.0  0.0  0.0  0.0  0.0  0.0  0.0  0.0  0.0  0.0  0.0  0.0  0.0  0.0  0.0  0.0  0.0  0.0  0.0  0.0  0.0  0.0  0.0  0.0  0.0  0.1
 39 |  0.3  0.4  0.5  0.6  0.7  0.8  0.9  1.0  1.1  1.2  1.2  1.3  1.3  1.4  1.4  1.5  1.5  1.5  1.6  1.6  1.6  1.6  1.6  1.6  1.6  1.6  1.6  1.5  1.5  1.5  1.4  1.4  1.3  1.3  1.2  1.2  1.1  1.0  0.9  0.8  0.7  0.6  0.5  0.4  0.3  0.1  0.0  0.0  0.0  0.0  0.0  0.0  0.0  0.0  0.0  0.0  0.0  0.0  0.0  0.0  0.0  0.0  0.0  0.0  0.0  0.0  0.0  0.0  0.0  0.0  0.0  0.0  0.0  0.0  0.0  0.0  0.0  0.0  0.0  0.0  0.0  0.0  0.0  0.0  0.0  0.0  0.0  0.0  0.0  0.1
 37 |  0.3  0.4  0.5  0.6  0.7  0.8  0.9  1.0  1.1  1.2  1.2  1.3  1.4  1.4  1.5  1.5  1.5  1.6  1.6  1.6  1.6  1.6  1.6  1.6  1.6  1.6  1.6  1.6  1.5  1.5  1.5  1.4  1.4  1.3  1.2  1.2  1.1  1.0  0.9  0.8  0.7  0.6  0.5  0.4  0.3  0.1  0.0  0.0  0.0  0.0  0.0  0.0  0.0  0.0  0.0  0.0  0.0  0.0  0.0  0.0  0.0  0.0  0.0  0.0  0.0  0.0  0.0  0.0  0.0  0.0  0.0  0.0  0.0  0.0  0.0  0.0  0.0  0.0  0.0  0.0  0.0  0.0  0.0  0.0  0.0  0.0  0.0  0.0  0.0  0.1
 35 |  0.3  0.4  0.5  0.6  0.7  0.9  0.9  1.0  1.1  1.2  1.3  1.3  1.4  1.4  1.5  1.5  1.6  1.6  1.6  1.6  1.6  1.7  1.7  1.7  1.6  1.6  1.6  1.6  1.6  1.5  1.5  1.4  1.4  1.3  1.3  1.2  1.1  1.0  0.9  0.9  0.7  0.6  0.5  0.4  0.3  0.1  0.0  0.0  0.0  0.0  0.0  0.0  0.0  0.0  0.0  0.0  0.0  0.0  0.0  0.0  0.0  0.0  0.0  0.0  0.0  0.0  0.0  0.0  0.0  0.0  0.0  0.0  0.0  0.0  0.0  0.0  0.0  0.0  0.0  0.0  0.0  0.0  0.0  0.0  0.0  0.0  0.0  0.0  0.0  0.1
 33 |  0.3  0.4  0.5  0.6  0.8  0.9  0.9  1.0  1.1  1.2  1.3  1.3  1.4  1.5  1.5  1.5  1.6  1.6  1.6  1.7  1.7  1.7  1.7  1.7  1.7  1.7  1.6  1.6  1.6  1.5  1.5  1.5  1.4  1.3  1.3  1.2  1.1  1.0  0.9  0.9  0.8  0.6  0.5  0.4  0.3  0.1  0.0  0.0  0.0  0.0  0.0  0.0  0.0  0.0  0.0  0.0  0.0  0.0  0.0  0.0  0.0  0.0  0.0  0.0  0.0  0.0  0.0  0.0  0.0  0.0  0.0  0.0  0.0  0.0  0.0  0.0  0.0  0.0  0.0  0.0  0.0  0.0  0.0  0.0  0.0  0.0  0.0  0.0  0.0  0.1
 31 |  0.2  0.4  0.5  0.7  0.8  0.9  1.0  1.0  1.1  1.2  1.3  1.4  1.4  1.5  1.5  1.6  1.6  1.6  1.7  1.7  1.7  1.7  1.7  1.7  1.7  1.7  1.7  1.6  1.6  1.6  1.5  1.5  1.4  1.4  1.3  1.2  1.1  1.0  1.0  0.9  0.8  0.7  0.5  0.4  0.2  0.1  0.0  0.0  0.0  0.0  0.0  0.0  0.0  0.0  0.0  0.0  0.0  0.0  0.0  0.0  0.0  0.0  0.0  0.0  0.0  0.0  0.0  0.0  0.0  0.0  0.0  0.0  0.0  0.0  0.0  0.0  0.0  0.0  0.0  0.0  0.0  0.0  0.0  0.0  0.0  0.0  0.0  0.0  0.0  0.1
 29 |  0.2  0.4  0.5  0.7  0.8  0.9  1.0  1.1  1.2  1.2  1.3  1.4  1.4  1.5  1.5  1.6  1.6  1.7  1.7  1.7  1.7  1.7  1.7  1.7  1.7  1.7  1.7  1.7  1.6  1.6  1.5  1.5  1.4  1.4  1.3  1.2  1.2  1.1  1.0  0.9  0.8  0.7  0.5  0.4  0.2  0.0  0.0  0.0  0.0  0.0  0.0  0.0  0.0  0.0  0.0  0.0  0.0  0.0  0.0  0.0  0.0  0.0  0.0  0.0  0.0  0.0  0.0  0.0  0.0  0.0  0.0  0.0  0.0  0.0  0.0  0.0  0.0  0.0  0.0  0.0  0.0  0.0  0.0  0.0  0.0  0.0  0.0  0.0  0.0  0.0
 27 |  0.2  0.4  0.5  0.7  0.8  0.9  1.0  1.1  1.2  1.2  1.3  1.4  1.4  1.5  1.6  1.6  1.6  1.7  1.7  1.7  1.7  1.8  1.8  1.8  1.7  1.7  1.7  1.7  1.6  1.6  1.6  1.5  1.4  1.4  1.3  1.2  1.2  1.1  1.0  0.9  0.8  0.7  0.5  0.4  0.2  0.0  0.0  0.0  0.0  0.0  0.0  0.0  0.0  0.0  0.0  0.0  0.0  0.0  0.0  0.0  0.0  0.0  0.0  0.0  0.0  0.0  0.0  0.0  0.0  0.0  0.0  0.0  0.0  0.0  0.0  0.0  0.0  0.0  0.0  0.0  0.0  0.0  0.0  0.0  0.0  0.0  0.0  0.0  0.0  0.0
 25 |  0.2  0.4  0.5  0.7  0.8  0.9  1.0  1.1  1.2  1.2  1.3  1.4  1.5  1.5  1.6  1.6  1.7  1.7  1.7  1.7  1.8  1.8  1.8  1.8  1.8  1.7  1.7  1.7  1.7  1.6  1.6  1.5  1.5  1.4  1.3  1.2  1.2  1.1  1.0  0.9  0.8  0.7  0.5  0.4  0.2  0.0  0.0  0.0  0.0  0.0  0.0  0.0  0.0  0.0  0.0  0.0  0.0  0.0  0.0  0.0  0.0  0.0  0.0  0.0  0.0  0.0  0.0  0.0  0.0  0.0  0.0  0.0  0.0  0.0  0.0  0.0  0.0  0.0  0.0  0.0  0.0  0.0  0.0  0.0  0.0  0.0  0.0  0.0  0.0  0.0
 23 |  0.2  0.4  0.5  0.7  0.8  0.9  1.0  1.1  1.2  1.3  1.3  1.4  1.5  1.5  1.6  1.6  1.7  1.7  1.7  1.8  1.8  1.8  1.8  1.8  1.8  1.8  1.7  1.7  1.7  1.6  1.6  1.5  1.5  1.4  1.3  1.3  1.2  1.1  1.0  0.9  0.8  0.7  0.5  0.4  0.2  0.0  0.0  0.0  0.0  0.0  0.0  0.0  0.0  0.0  0.0  0.0  0.0  0.0  0.0  0.0  0.0  0.0  0.0  0.0  0.0  0.0  0.0  0.0  0.0  0.0  0.0  0.0  0.0  0.0  0.0  0.0  0.0  0.0  0.0  0.0  0.0  0.0  0.0  0.0  0.0  0.0  0.0  0.0  0.0  0.0
 21 |  0.2  0.4  0.5  0.7  0.8  0.9  1.0  1.1  1.2  1.3  1.4  1.4  1.5  1.5  1.6  1.6  1.7  1.7  1.8  1.8  1.8  1.8  1.8  1.8  1.8  1.8  1.8  1.7  1.7  1.6  1.6  1.5  1.5  1.4  1.4  1.3  1.2  1.1  1.0  0.9  0.8  0.7  0.5  0.4  0.2  0.0  0.0  0.0  0.0  0.0  0.0  0.0  0.0  0.0  0.0  0.0  0.0  0.0  0.0  0.0  0.0  0.0  0.0  0.0  0.0  0.0  0.0  0.0  0.0  0.0  0.0  0.0  0.0  0.0  0.0  0.0  0.0  0.0  0.0  0.0  0.0  0.0  0.0  0.0  0.0  0.0  0.0  0.0  0.0  0.0
 19 |  0.2  0.4  0.5  0.7  0.8  0.9  1.0  1.1  1.2  1.3  1.4  1.4  1.5  1.6  1.6  1.7  1.7  1.7  1.8  1.8  1.8  1.8  1.8  1.8  1.8  1.8  1.8  1.7  1.7  1.7  1.6  1.6  1.5  1.4  1.4  1.3  1.2  1.1  1.0  0.9  0.8  0.7  0.5  0.4  0.2  0.0  0.0  0.0  0.0  0.0  0.0  0.0  0.0  0.0  0.0  0.0  0.0  0.0  0.0  0.0  0.0  0.0  0.0  0.0  0.0  0.0  0.0  0.0  0.0  0.0  0.0  0.0  0.0  0.0  0.0  0.0  0.0  0.0  0.0  0.0  0.0  0.0  0.0  0.0  0.0  0.0  0.0  0.0  0.0  0.0
 17 |  0.2  0.4  0.5  0.7  0.8  0.9  1.0  1.1  1.2  1.3  1.4  1.4  1.5  1.6  1.6  1.7  1.7  1.7  1.8  1.8  1.8  1.8  1.8  1.8  1.8  1.8  1.8  1.7  1.7  1.7  1.6  1.6  1.5  1.4  1.4  1.3  1.2  1.1  1.0  0.9  0.8  0.7  0.5  0.4  0.2  0.0  0.0  0.0  0.0  0.0  0.0  0.0  0.0  0.0  0.0  0.0  0.0  0.0  0.0  0.0  0.0  0.0  0.0  0.0  0.0  0.0  0.0  0.0  0.0  0.0  0.0  0.0  0.0  0.0  0.0  0.0  0.0  0.0  0.0  0.0  0.0  0.0  0.0  0.0  0.0  0.0  0.0  0.0  0.0  0.0
 15 |  0.2  0.4  0.5  0.7  0.8  0.9  1.0  1.1  1.2  1.3  1.4  1.4  1.5  1.6  1.6  1.7  1.7  1.8  1.8  1.8  1.8  1.8  1.8  1.8  1.8  1.8  1.8  1.8  1.7  1.7  1.6  1.6  1.5  1.4  1.4  1.3  1.2  1.1  1.0  0.9  0.8  0.7  0.5  0.4  0.2  0.0  0.0  0.0  0.0  0.0  0.0  0.0  0.0  0.0  0.0  0.0  0.0  0.0  0.0  0.0  0.0  0.0  0.0  0.0  0.0  0.0  0.0  0.0  0.0  0.0  0.0  0.0  0.0  0.0  0.0  0.0  0.0  0.0  0.0  0.0  0.0  0.0  0.0  0.0  0.0  0.0  0.0  0.0  0.0  0.0
 13 |  0.2  0.4  0.5  0.7  0.8  0.9  1.0  1.1  1.2  1.3  1.4  1.4  1.5  1.6  1.6  1.7  1.7  1.8  1.8  1.8  1.8  1.9  1.9  1.9  1.8  1.8  1.8  1.8  1.7  1.7  1.6  1.6  1.5  1.4  1.4  1.3  1.2  1.1  1.0  0.9  0.8  0.7  0.5  0.4  0.2  0.0  0.0  0.0  0.0  0.0  0.0  0.0  0.0  0.0  0.0  0.0  0.0  0.0  0.0  0.0  0.0  0.0  0.0  0.0  0.0  0.0  0.0  0.0  0.0  0.0  0.0  0.0  0.0  0.0  0.0  0.0  0.0  0.0  0.0  0.0  0.0  0.0  0.0  0.0  0.0  0.0  0.0  0.0  0.0  0.0
 11 |  0.2  0.4  0.5  0.7  0.8  0.9  1.0  1.1  1.2  1.3  1.4  1.5  1.5  1.6  1.6  1.7  1.7  1.8  1.8  1.8  1.8  1.9  1.9  1.9  1.8  1.8  1.8  1.8  1.7  1.7  1.6  1.6  1.5  1.5  1.4  1.3  1.2  1.1  1.0  0.9  0.8  0.7  0.5  0.4  0.2  0.0  0.0  0.0  0.0  0.0  0.0  0.0  0.0  0.0  0.0  0.0  0.0  0.0  0.0  0.0  0.0  0.0  0.0  0.0  0.0  0.0  0.0  0.0  0.0  0.0  0.0  0.0  0.0  0.0  0.0  0.0  0.0  0.0  0.0  0.0  0.0  0.0  0.0  0.0  0.0  0.0  0.0  0.0  0.0  0.0
  9 |  0.2  0.4  0.5  0.7  0.8  0.9  1.0  1.1  1.2  1.3  1.4  1.5  1.5  1.6  1.6  1.7  1.7  1.8  1.8  1.8  1.9  1.9  1.9  1.9  1.9  1.8  1.8  1.8  1.7  1.7  1.6  1.6  1.5  1.5  1.4  1.3  1.2  1.1  1.0  0.9  0.8  0.7  0.5  0.4  0.2  0.0  0.0  0.0  0.0  0.0  0.0  0.0  0.0  0.0  0.0  0.0  0.0  0.0  0.0  0.0  0.0  0.0  0.0  0.0  0.0  0.0  0.0  0.0  0.0  0.0  0.0  0.0  0.0  0.0  0.0  0.0  0.0  0.0  0.0  0.0  0.0  0.0  0.0  0.0  0.0  0.0  0.0  0.0  0.0  0.0
  7 |  0.2  0.4  0.5  0.7  0.8  0.9  1.0  1.1  1.2  1.3  1.4  1.5  1.5  1.6  1.6  1.7  1.7  1.8  1.8  1.8  1.9  1.9  1.9  1.9  1.9  1.8  1.8  1.8  1.7  1.7  1.6  1.6  1.5  1.5  1.4  1.3  1.2  1.1  1.0  0.9  0.8  0.7  0.5  0.4  0.2  0.0  0.0  0.0  0.0  0.0  0.0  0.0  0.0  0.0  0.0  0.0  0.0  0.0  0.0  0.0  0.0  0.0  0.0  0.0  0.0  0.0  0.0  0.0  0.0  0.0  0.0  0.0  0.0  0.0  0.0  0.0  0.0  0.0  0.0  0.0  0.0  0.0  0.0  0.0  0.0  0.0  0.0  0.0  0.0  0.0
  5 |  0.2  0.4  0.5  0.7  0.8  0.9  1.0  1.1  1.2  1.3  1.4  1.5  1.5  1.6  1.6  1.7  1.7  1.8  1.8  1.8  1.9  1.9  1.9  1.9  1.9  1.8  1.8  1.8  1.7  1.7  1.6  1.6  1.5  1.5  1.4  1.3  1.2  1.1  1.0  0.9  0.8  0.7  0.5  0.4  0.2  0.0  0.0  0.0  0.0  0.0  0.0  0.0  0.0  0.0  0.0  0.0  0.0  0.0  0.0  0.0  0.0  0.0  0.0  0.0  0.0  0.0  0.0  0.0  0.0  0.0  0.0  0.0  0.0  0.0  0.0  0.0  0.0  0.0  0.0  0.0  0.0  0.0  0.0  0.0  0.0  0.0  0.0  0.0  0.0  0.0
  3 |  0.2  0.4  0.5  0.7  0.8  0.9  1.0  1.1  1.2  1.3  1.4  1.5  1.5  1.6  1.6  1.7  1.7  1.8  1.8  1.8  1.9  1.9  1.9  1.9  1.9  1.8  1.8  1.8  1.7  1.7  1.6  1.6  1.5  1.5  1.4  1.3  1.2  1.1  1.0  0.9  0.8  0.7  0.5  0.4  0.2  0.0  0.0  0.0  0.0  0.0  0.0  0.0  0.0  0.0  0.0  0.0  0.0  0.0  0.0  0.0  0.0  0.0  0.0  0.0  0.0  0.0  0.0  0.0  0.0  0.0  0.0  0.0  0.0  0.0  0.0  0.0  0.0  0.0  0.0  0.0  0.0  0.0  0.0  0.0  0.0  0.0  0.0  0.0  0.0  0.0
  1 |  0.2  0.3  0.5  0.6  0.8  0.9  1.0  1.1  1.2  1.3  1.4  1.5  1.5  1.6  1.6  1.7  1.7  1.8  1.8  1.8  1.9  1.9  1.9  1.9  1.9  1.8  1.8  1.8  1.7  1.7  1.6  1.6  1.5  1.5  1.4  1.3  1.2  1.1  1.0  0.9  0.8  0.6  0.5  0.3  0.2  0.0  0.0  0.0  0.0  0.0  0.0  0.0  0.0  0.0  0.0  0.0  0.0  0.0  0.0  0.0  0.0  0.0  0.0  0.0  0.0  0.0  0.0  0.0  0.0  0.0  0.0  0.0  0.0  0.0  0.0  0.0  0.0  0.0  0.0  0.0  0.0  0.0  0.0  0.0  0.0  0.0  0.0  0.0  0.0  0.0
 -1 |  0.1  0.3  0.5  0.6  0.8  0.9  1.0  1.1  1.2  1.3  1.4  1.5  1.5  1.6  1.6  1.7  1.7  1.8  1.8  1.8  1.9  1.9  1.9  1.9  1.9  1.8  1.8  1.8  1.7  1.7  1.6  1.6  1.5  1.5  1.4  1.3  1.2  1.1  1.0  0.9  0.8  0.6  0.5  0.3  0.1  0.0  0.0  0.0  0.0  0.0  0.0  0.0  0.0  0.0  0.0  0.0  0.0  0.0  0.0  0.0  0.0  0.0  0.0  0.0  0.0  0.0  0.0  0.0  0.0  0.0  0.0  0.0  0.0  0.0  0.0  0.0  0.0  0.0  0.0  0.0  0.0  0.0  0.0  0.0  0.0  0.0  0.0  0.0  0.0  0.0
 -3 |  0.1  0.3  0.5  0.6  0.8  0.9  1.0  1.1  1.2  1.3  1.4  1.4  1.5  1.6  1.6  1.7  1.7  1.8  1.8  1.8  1.8  1.9  1.9  1.9  1.8  1.8  1.8  1.8  1.7  1.7  1.6  1.6  1.5  1.4  1.4  1.3  1.2  1.1  1.0  0.9  0.8  0.6  0.5  0.3  0.1  0.0  0.0  0.0  0.0  0.0  0.0  0.0  0.0  0.0  0.0  0.0  0.0  0.0  0.0  0.0  0.0  0.0  0.0  0.0  0.0  0.0  0.0  0.0  0.0  0.0  0.0  0.0  0.0  0.0  0.0  0.0  0.0  0.0  0.0  0.0  0.0  0.0  0.0  0.0  0.0  0.0  0.0  0.0  0.0  0.0
 -5 |  0.1  0.3  0.5  0.6  0.8  0.9  1.0  1.1  1.2  1.3  1.4  1.4  1.5  1.6  1.6  1.7  1.7  1.8  1.8  1.8  1.8  1.8  1.9  1.8  1.8  1.8  1.8  1.8  1.7  1.7  1.6  1.6  1.5  1.4  1.4  1.3  1.2  1.1  1.0  0.9  0.8  0.6  0.5  0.3  0.1  0.0  0.0  0.0  0.0  0.0  0.0  0.0  0.0  0.0  0.0  0.0  0.0  0.0  0.0  0.0  0.0  0.0  0.0  0.0  0.0  0.0  0.0  0.0  0.0  0.0  0.0  0.0  0.0  0.0  0.0  0.0  0.0  0.0  0.0  0.0  0.0  0.0  0.0  0.0  0.0  0.0  0.0  0.0  0.0  0.0
 -7 |  0.1  0.3  0.5  0.6  0.8  0.9  1.0  1.1  1.2  1.3  1.4  1.4  1.5  1.6  1.6  1.7  1.7  1.8  1.8  1.8  1.8  1.8  1.8  1.8  1.8  1.8  1.8  1.8  1.7  1.7  1.6  1.6  1.5  1.4  1.4  1.3  1.2  1.1  1.0  0.9  0.8  0.6  0.5  0.3  0.1  0.0  0.0  0.0  0.0  0.0  0.0  0.0  0.0  0.0  0.0  0.0  0.0  0.0  0.0  0.0  0.0  0.0  0.0  0.0  0.0  0.0  0.0  0.0  0.0  0.0  0.0  0.0  0.0  0.0  0.0  0.0  0.0  0.0  0.0  0.0  0.0  0.0  0.0  0.0  0.0  0.0  0.0  0.0  0.0  0.0
 -9 |  0.1  0.3  0.5  0.6  0.7  0.9  1.0  1.1  1.2  1.3  1.4  1.4  1.5  1.6  1.6  1.7  1.7  1.7  1.8  1.8  1.8  1.8  1.8  1.8  1.8  1.8  1.8  1.7  1.7  1.7  1.6  1.6  1.5  1.4  1.4  1.3  1.2  1.1  1.0  0.9  0.7  0.6  0.5  0.3  0.1  0.0  0.0  0.0  0.0  0.0  0.0  0.0  0.0  0.0  0.0  0.0  0.0  0.0  0.0  0.0  0.0  0.0  0.0  0.0  0.0  0.0  0.0  0.0  0.0  0.0  0.0  0.0  0.0  0.0  0.0  0.0  0.0  0.0  0.0  0.0  0.0  0.0  0.0  0.0  0.0  0.0  0.0  0.0  0.0  0.0
-11 |  0.1  0.3  0.5  0.6  0.7  0.9  1.0  1.1  1.2  1.3  1.3  1.4  1.5  1.5  1.6  1.6  1.7  1.7  1.8  1.8  1.8  1.8  1.8  1.8  1.8  1.8  1.8  1.7  1.7  1.6  1.6  1.5  1.5  1.4  1.3  1.3  1.2  1.1  1.0  0.9  0.7  0.6  0.5  0.3  0.1  0.0  0.0  0.0  0.0  0.0  0.0  0.0  0.0  0.0  0.0  0.0  0.0  0.0  0.0  0.0  0.0  0.0  0.0  0.0  0.0  0.0  0.0  0.0  0.0  0.0  0.0  0.0  0.0  0.0  0.0  0.0  0.0  0.0  0.0  0.0  0.0  0.0  0.0  0.0  0.0  0.0  0.0  0.0  0.0  0.0
-13 |  0.1  0.3  0.5  0.6  0.7  0.9  1.0  1.0  1.2  1.2  1.3  1.4  1.5  1.5  1.6  1.6  1.7  1.7  1.7  1.8  1.8  1.8  1.8  1.8  1.8  1.8  1.7  1.7  1.7  1.6  1.6  1.5  1.5  1.4  1.3  1.2  1.2  1.0  1.0  0.9  0.7  0.6  0.5  0.3  0.1  0.0  0.0  0.0  0.0  0.0  0.0  0.0  0.0  0.0  0.0  0.0  0.0  0.0  0.0  0.0  0.0  0.0  0.0  0.0  0.0  0.0  0.0  0.0  0.0  0.0  0.0  0.0  0.0  0.0  0.0  0.0  0.0  0.0  0.0  0.0  0.0  0.0  0.0  0.0  0.0  0.0  0.0  0.0  0.0  0.0
-15 |  0.1  0.3  0.4  0.6  0.7  0.8  0.9  1.0  1.2  1.2  1.3  1.4  1.5  1.5  1.6  1.6  1.7  1.7  1.7  1.8  1.8  1.8  1.8  1.8  1.8  1.8  1.7  1.7  1.7  1.6  1.6  1.5  1.5  1.4  1.3  1.2  1.2  1.0  0.9  0.8  0.7  0.6  0.4  0.3  0.1  0.0  0.0  0.0  0.0  0.0  0.0  0.0  0.0  0.0  0.0  0.0  0.0  0.0  0.0  0.0  0.0  0.0  0.0  0.0  0.0  0.0  0.0  0.0  0.0  0.0  0.0  0.0  0.0  0.0  0.0  0.0  0.0  0.0  0.0  0.0  0.0  0.0  0.0  0.0  0.0  0.0  0.0  0.0  0.0  0.0
-17 |  0.1  0.3  0.4  0.6  0.7  0.8  0.9  1.0  1.1  1.2  1.3  1.4  1.4  1.5  1.6  1.6  1.6  1.7  1.7  1.7  1.8  1.8  1.8  1.8  1.8  1.7  1.7  1.7  1.6  1.6  1.6  1.5  1.4  1.4  1.3  1.2  1.1  1.0  0.9  0.8  0.7  0.6  0.4  0.3  0.1  0.0  0.0  0.0  0.0  0.0  0.0  0.0  0.0  0.0  0.0  0.0  0.0  0.0  0.0  0.0  0.0  0.0  0.0  0.0  0.0  0.0  0.0  0.0  0.0  0.0  0.0  0.0  0.0  0.0  0.0  0.0  0.0  0.0  0.0  0.0  0.0  0.0  0.0  0.0  0.0  0.0  0.0  0.0  0.0  0.0
-19 |  0.1  0.3  0.4  0.6  0.7  0.8  0.9  1.0  1.1  1.2  1.3  1.4  1.4  1.5  1.5  1.6  1.6  1.7  1.7  1.7  1.7  1.7  1.7  1.7  1.7  1.7  1.7  1.7  1.6  1.6  1.5  1.5  1.4  1.4  1.3  1.2  1.1  1.0  0.9  0.8  0.7  0.6  0.4  0.3  0.1  0.0  0.0  0.0  0.0  0.0  0.0  0.0  0.0  0.0  0.0  0.0  0.0  0.0  0.0  0.0  0.0  0.0  0.0  0.0  0.0  0.0  0.0  0.0  0.0  0.0  0.0  0.0  0.0  0.0  0.0  0.0  0.0  0.0  0.0  0.0  0.0  0.0  0.0  0.0  0.0  0.0  0.0  0.0  0.0  0.0
-21 |  0.0  0.3  0.4  0.6  0.7  0.8  0.9  1.0  1.1  1.2  1.3  1.3  1.4  1.5  1.5  1.6  1.6  1.6  1.7  1.7  1.7  1.7  1.7  1.7  1.7  1.7  1.7  1.6  1.6  1.6  1.5  1.5  1.4  1.3  1.3  1.2  1.1  1.0  0.9  0.8  0.7  0.6  0.4  0.3  0.0  0.0  0.0  0.0  0.0  0.0  0.0  0.0  0.0  0.0  0.0  0.0  0.0  0.0  0.0  0.0  0.0  0.0  0.0  0.0  0.0  0.0  0.0  0.0  0.0  0.0  0.0  0.0  0.0  0.0  0.0  0.0  0.0  0.0  0.0  0.0  0.0  0.0  0.0  0.0  0.0  0.0  0.0  0.0  0.0  0.0
-23 |  0.0  0.2  0.4  0.6  0.7  0.8  0.9  1.0  1.1  1.2  1.2  1.3  1.4  1.4  1.5  1.5  1.6  1.6  1.7  1.7  1.7  1.7  1.7  1.7  1.7  1.7  1.7  1.6  1.6  1.5  1.5  1.4  1.4  1.3  1.2  1.2  1.1  1.0  0.9  0.8  0.7  0.6  0.4  0.2  0.0  0.0  0.0  0.0  0.0  0.0  0.0  0.0  0.0  0.0  0.0  0.0  0.0  0.0  0.0  0.0  0.0  0.0  0.0  0.0  0.0  0.0  0.0  0.0  0.0  0.0  0.0  0.0  0.0  0.0  0.0  0.0  0.0  0.0  0.0  0.0  0.0  0.0  0.0  0.0  0.0  0.0  0.0  0.0  0.0  0.0
-25 |  0.0  0.2  0.4  0.5  0.7  0.8  0.9  1.0  1.1  1.2  1.2  1.3  1.4  1.4  1.5  1.5  1.6  1.6  1.6  1.7  1.7  1.7  1.7  1.7  1.7  1.7  1.6  1.6  1.6  1.5  1.5  1.4  1.4  1.3  1.2  1.2  1.1  1.0  0.9  0.8  0.7  0.5  0.4  0.2  0.0  0.0  0.0  0.0  0.0  0.0  0.0  0.0  0.0  0.0  0.0  0.0  0.0  0.0  0.0  0.0  0.0  0.0  0.0  0.0  0.0  0.0  0.0  0.0  0.0  0.0  0.0  0.0  0.0  0.0  0.0  0.0  0.0  0.0  0.0  0.0  0.0  0.0  0.0  0.0  0.0  0.0  0.0  0.0  0.0  0.0
-27 |  0.0  0.2  0.4  0.5  0.6  0.8  0.9  1.0  1.0  1.1  1.2  1.3  1.4  1.4  1.5  1.5  1.5  1.6  1.6  1.6  1.6  1.7  1.7  1.7  1.6  1.6  1.6  1.6  1.5  1.5  1.5  1.4  1.4  1.3  1.2  1.1  1.0  1.0  0.9  0.8  0.6  0.5  0.4  0.2  0.0  0.0  0.0  0.0  0.0  0.0  0.0  0.0  0.0  0.0  0.0  0.0  0.0  0.0  0.0  0.0  0.0  0.0  0.0  0.0  0.0  0.0  0.0  0.0  0.0  0.0  0.0  0.0  0.0  0.0  0.0  0.0  0.0  0.0  0.0  0.0  0.0  0.0  0.0  0.0  0.0  0.0  0.0  0.0  0.0  0.0
-29 |  0.0  0.2  0.4  0.5  0.6  0.7  0.9  0.9  1.0  1.1  1.2  1.3  1.3  1.4  1.4  1.5  1.5  1.5  1.6  1.6  1.6  1.6  1.6  1.6  1.6  1.6  1.6  1.5  1.5  1.5  1.4  1.4  1.3  1.3  1.2  1.1  1.0  0.9  0.9  0.7  0.6  0.5  0.4  0.2  0.0  0.0  0.0  0.0  0.0  0.0  0.0  0.0  0.0  0.0  0.0  0.0  0.0  0.0  0.0  0.0  0.0  0.0  0.0  0.0  0.0  0.0  0.0  0.0  0.0  0.0  0.0  0.0  0.0  0.0  0.0  0.0  0.0  0.0  0.0  0.0  0.0  0.0  0.0  0.0  0.0  0.0  0.0  0.0  0.0  0.0
-31 |  0.0  0.2  0.4  0.5  0.6  0.7  0.8  0.9  1.0  1.1  1.2  1.2  1.3  1.4  1.4  1.5  1.5  1.5  1.5  1.6  1.6  1.6  1.6  1.6  1.6  1.6  1.5  1.5  1.5  1.5  1.4  1.4  1.3  1.2  1.2  1.1  1.0  0.9  0.8  0.7  0.6  0.5  0.4  0.2  0.0  0.0  0.0  0.0  0.0  0.0  0.0  0.0  0.0  0.0  0.0  0.0  0.0  0.0  0.0  0.0  0.0  0.0  0.0  0.0  0.0  0.0  0.0  0.0  0.0  0.0  0.0  0.0  0.0  0.0  0.0  0.0  0.0  0.0  0.0  0.0  0.0  0.0  0.0  0.0  0.0  0.0  0.0  0.0  0.0  0.0
-33 |  0.0  0.2  0.3  0.5  0.6  0.7  0.8  0.9  1.0  1.1  1.2  1.2  1.3  1.3  1.4  1.4  1.5  1.5  1.5  1.5  1.6  1.6  1.6  1.6  1.6  1.5  1.5  1.5  1.5  1.4  1.4  1.3  1.3  1.2  1.2  1.1  1.0  0.9  0.8  0.7  0.6  0.5  0.3  0.2  0.0  0.0  0.0  0.0  0.0  0.0  0.0  0.0  0.0  0.0  0.0  0.0  0.0  0.0  0.0  0.0  0.0  0.0  0.0  0.0  0.0  0.0  0.0  0.0  0.0  0.0  0.0  0.0  0.0  0.0  0.0  0.0  0.0  0.0  0.0  0.0  0.0  0.0  0.0  0.0  0.0  0.0  0.0  0.0  0.0  0.0
-35 |  0.0  0.2  0.3  0.5  0.6  0.7  0.8  0.9  1.0  1.0  1.1  1.2  1.2  1.3  1.4  1.4  1.4  1.5  1.5  1.5  1.5  1.5  1.5  1.5  1.5  1.5  1.5  1.5  1.4  1.4  1.4  1.3  1.2  1.2  1.1  1.0  1.0  0.9  0.8  0.7  0.6  0.5  0.3  0.2  0.0  0.0  0.0  0.0  0.0  0.0  0.0  0.0  0.0  0.0  0.0  0.0  0.0  0.0  0.0  0.0  0.0  0.0  0.0  0.0  0.0  0.0  0.0  0.0  0.0  0.0  0.0  0.0  0.0  0.0  0.0  0.0  0.0  0.0  0.0  0.0  0.0  0.0  0.0  0.0  0.0  0.0  0.0  0.0  0.0  0.0
-37 |  0.0  0.2  0.3  0.4  0.6  0.7  0.8  0.9  0.9  1.0  1.1  1.2  1.2  1.3  1.3  1.4  1.4  1.4  1.5  1.5  1.5  1.5  1.5  1.5  1.5  1.5  1.5  1.4  1.4  1.4  1.3  1.3  1.2  1.2  1.1  1.0  0.9  0.9  0.8  0.7  0.6  0.4  0.3  0.2  0.0  0.0  0.0  0.0  0.0  0.0  0.0  0.0  0.0  0.0  0.0  0.0  0.0  0.0  0.0  0.0  0.0  0.0  0.0  0.0  0.0  0.0  0.0  0.0  0.0  0.0  0.0  0.0  0.0  0.0  0.0  0.0  0.0  0.0  0.0  0.0  0.0  0.0  0.0  0.0  0.0  0.0  0.0  0.0  0.0  0.0
-39 |  0.0  0.1  0.3  0.4  0.6  0.6  0.7  0.8  0.9  1.0  1.1  1.1  1.2  1.2  1.3  1.3  1.4  1.4  1.4  1.4  1.5  1.5  1.5  1.5  1.5  1.4  1.4  1.4  1.4  1.3  1.3  1.2  1.2  1.1  1.1  1.0  0.9  0.8  0.7  0.6  0.6  0.4  0.3  0.1  0.0  0.0  0.0  0.0  0.0  0.0  0.0  0.0  0.0  0.0  0.0  0.0  0.0  0.0  0.0  0.0  0.0  0.0  0.0  0.0  0.0  0.0  0.0  0.0  0.0  0.0  0.0  0.0  0.0  0.0  0.0  0.0  0.0  0.0  0.0  0.0  0.0  0.0  0.0  0.0  0.0  0.0  0.0  0.0  0.0  0.0
-41 |  0.0  0.1  0.3  0.4  0.5  0.6  0.7  0.8  0.9  1.0  1.0  1.1  1.2  1.2  1.3  1.3  1.3  1.4  1.4  1.4  1.4  1.4  1.4  1.4  1.4  1.4  1.4  1.4  1.3  1.3  1.3  1.2  1.2  1.1  1.0  1.0  0.9  0.8  0.7  0.6  0.5  0.4  0.3  0.1  0.0  0.0  0.0  0.0  0.0  0.0  0.0  0.0  0.0  0.0  0.0  0.0  0.0  0.0  0.0  0.0  0.0  0.0  0.0  0.0  0.0  0.0  0.0  0.0  0.0  0.0  0.0  0.0  0.0  0.0  0.0  0.0  0.0  0.0  0.0  0.0  0.0  0.0  0.0  0.0  0.0  0.0  0.0  0.0  0.0  0.0
-43 |  0.0  0.1  0.3  0.4  0.5  0.6  0.7  0.8  0.9  0.9  1.0  1.1  1.1  1.2  1.2  1.3  1.3  1.3  1.4  1.4  1.4  1.4  1.4  1.4  1.4  1.4  1.4  1.3  1.3  1.3  1.2  1.2  1.1  1.1  1.0  0.9  0.9  0.8  0.7  0.6  0.5  0.4  0.3  0.1  0.0  0.0  0.0  0.0  0.0  0.0  0.0  0.0  0.0  0.0  0.0  0.0  0.0  0.0  0.0  0.0  0.0  0.0  0.0  0.0  0.0  0.0  0.0  0.0  0.0  0.0  0.0  0.0  0.0  0.0  0.0  0.0  0.0  0.0  0.0  0.0  0.0  0.0  0.0  0.0  0.0  0.0  0.0  0.0  0.0  0.0
-45 |  0.0  0.1  0.3  0.4  0.5  0.6  0.7  0.8  0.8  0.9  1.0  1.0  1.1  1.2  1.2  1.2  1.3  1.3  1.3  1.3  1.3  1.4  1.4  1.4  1.3  1.3  1.3  1.3  1.3  1.2  1.2  1.2  1.1  1.0  1.0  0.9  0.8  0.8  0.7  0.6  0.5  0.4  0.3  0.1  0.0  0.0  0.0  0.0  0.0  0.0  0.0  0.0  0.0  0.0  0.0  0.0  0.0  0.0  0.0  0.0  0.0  0.0  0.0  0.0  0.0  0.0  0.0  0.0  0.0  0.0  0.0  0.0  0.0  0.0  0.0  0.0  0.0  0.0  0.0  0.0  0.0  0.0  0.0  0.0  0.0  0.0  0.0  0.0  0.0  0.0
-47 |  0.0  0.1  0.2  0.4  0.5  0.6  0.6  0.7  0.8  0.9  0.9  1.0  1.0  1.1  1.2  1.2  1.2  1.2  1.3  1.3  1.3  1.3  1.3  1.3  1.3  1.3  1.3  1.2  1.2  1.2  1.2  1.1  1.0  1.0  0.9  0.9  0.8  0.7  0.6  0.6  0.5  0.4  0.2  0.1  0.0  0.0  0.0  0.0  0.0  0.0  0.0  0.0  0.0  0.0  0.0  0.0  0.0  0.0  0.0  0.0  0.0  0.0  0.0  0.0  0.0  0.0  0.0  0.0  0.0  0.0  0.0  0.0  0.0  0.0  0.0  0.0  0.0  0.0  0.0  0.0  0.0  0.0  0.0  0.0  0.0  0.0  0.0  0.0  0.0  0.0
-49 |  0.0  0.1  0.2  0.3  0.4  0.5  0.6  0.7  0.8  0.9  0.9  1.0  1.0  1.1  1.1  1.2  1.2  1.2  1.2  1.2  1.3  1.3  1.3  1.3  1.3  1.2  1.2  1.2  1.2  1.2  1.1  1.1  1.0  1.0  0.9  0.9  0.8  0.7  0.6  0.5  0.4  0.3  0.2  0.1  0.0  0.0  0.0  0.0  0.0  0.0  0.0  0.0  0.0  0.0  0.0  0.0  0.0  0.0  0.0  0.0  0.0  0.0  0.0  0.0  0.0  0.0  0.0  0.0  0.0  0.0  0.0  0.0  0.0  0.0  0.0  0.0  0.0  0.0  0.0  0.0  0.0  0.0  0.0  0.0  0.0  0.0  0.0  0.0  0.0  0.0
-51 |  0.0  0.0  0.2  0.3  0.4  0.5  0.6  0.7  0.7  0.8  0.9  0.9  1.0  1.0  1.1  1.1  1.1  1.2  1.2  1.2  1.2  1.2  1.2  1.2  1.2  1.2  1.2  1.2  1.1  1.1  1.1  1.0  1.0  0.9  0.9  0.8  0.7  0.7  0.6  0.5  0.4  0.3  0.2  0.0  0.0  0.0  0.0  0.0  0.0  0.0  0.0  0.0  0.0  0.0  0.0  0.0  0.0  0.0  0.0  0.0  0.0  0.0  0.0  0.0  0.0  0.0  0.0  0.0  0.0  0.0  0.0  0.0  0.0  0.0  0.0  0.0  0.0  0.0  0.0  0.0  0.0  0.0  0.0  0.0  0.0  0.0  0.0  0.0  0.0  0.0
-53 |  0.0  0.0  0.2  0.3  0.4  0.5  0.6  0.6  0.7  0.8  0.8  0.9  0.9  1.0  1.0  1.1  1.1  1.1  1.2  1.2  1.2  1.2  1.2  1.2  1.2  1.2  1.2  1.1  1.1  1.1  1.0  1.0  0.9  0.9  0.8  0.8  0.7  0.6  0.6  0.5  0.4  0.3  0.2  0.0  0.0  0.0  0.0  0.0  0.0  0.0  0.0  0.0  0.0  0.0  0.0  0.0  0.0  0.0  0.0  0.0  0.0  0.0  0.0  0.0  0.0  0.0  0.0  0.0  0.0  0.0  0.0  0.0  0.0  0.0  0.0  0.0  0.0  0.0  0.0  0.0  0.0  0.0  0.0  0.0  0.0  0.0  0.0  0.0  0.0  0.0
-55 |  0.0  0.0  0.2  0.3  0.4  0.5  0.5  0.6  0.7  0.7  0.8  0.9  0.9  0.9  1.0  1.0  1.0  1.1  1.1  1.1  1.1  1.1  1.1  1.1  1.1  1.1  1.1  1.1  1.0  1.0  1.0  0.9  0.9  0.9  0.8  0.7  0.7  0.6  0.5  0.5  0.4  0.3  0.2  0.0  0.0  0.0  0.0  0.0  0.0  0.0  0.0  0.0  0.0  0.0  0.0  0.0  0.0  0.0  0.0  0.0  0.0  0.0  0.0  0.0  0.0  0.0  0.0  0.0  0.0  0.0  0.0  0.0  0.0  0.0  0.0  0.0  0.0  0.0  0.0  0.0  0.0  0.0  0.0  0.0  0.0  0.0  0.0  0.0  0.0  0.0
-57 |  0.0  0.0  0.1  0.3  0.3  0.4  0.5  0.6  0.6  0.7  0.8  0.8  0.9  0.9  0.9  1.0  1.0  1.0  1.0  1.0  1.1  1.1  1.1  1.1  1.1  1.0  1.0  1.0  1.0  1.0  0.9  0.9  0.9  0.8  0.8  0.7  0.6  0.6  0.5  0.4  0.3  0.3  0.1  0.0  0.0  0.0  0.0  0.0  0.0  0.0  0.0  0.0  0.0  0.0  0.0  0.0  0.0  0.0  0.0  0.0  0.0  0.0  0.0  0.0  0.0  0.0  0.0  0.0  0.0  0.0  0.0  0.0  0.0  0.0  0.0  0.0  0.0  0.0  0.0  0.0  0.0  0.0  0.0  0.0  0.0  0.0  0.0  0.0  0.0  0.0
-59 |  0.0  0.0  0.1  0.2  0.3  0.4  0.5  0.6  0.6  0.7  0.7  0.8  0.8  0.9  0.9  0.9  0.9  1.0  1.0  1.0  1.0  1.0  1.0  1.0  1.0  1.0  1.0  1.0  0.9  0.9  0.9  0.9  0.8  0.8  0.7  0.7  0.6  0.6  0.5  0.4  0.3  0.2  0.1  0.0  0.0  0.0  0.0  0.0  0.0  0.0  0.0  0.0  0.0  0.0  0.0  0.0  0.0  0.0  0.0  0.0  0.0  0.0  0.0  0.0  0.0  0.0  0.0  0.0  0.0  0.0  0.0  0.0  0.0  0.0  0.0  0.0  0.0  0.0  0.0  0.0  0.0  0.0  0.0  0.0  0.0  0.0  0.0  0.0  0.0  0.0
-61 |  0.0  0.0  0.1  0.2  0.3  0.4  0.4  0.5  0.6  0.6  0.7  0.7  0.8  0.8  0.8  0.9  0.9  0.9  0.9  0.9  1.0  1.0  1.0  1.0  1.0  0.9  0.9  0.9  0.9  0.9  0.8  0.8  0.8  0.7  0.7  0.6  0.6  0.5  0.4  0.4  0.3  0.2  0.1  0.0  0.0  0.0  0.0  0.0  0.0  0.0  0.0  0.0  0.0  0.0  0.0  0.0  0.0  0.0  0.0  0.0  0.0  0.0  0.0  0.0  0.0  0.0  0.0  0.0  0.0  0.0  0.0  0.0  0.0  0.0  0.0  0.0  0.0  0.0  0.0  0.0  0.0  0.0  0.0  0.0  0.0  0.0  0.0  0.0  0.0  0.0
-63 |  0.0  0.0  0.1  0.2  0.3  0.3  0.4  0.5  0.5  0.6  0.6  0.7  0.7  0.8  0.8  0.8  0.9  0.9  0.9  0.9  0.9  0.9  0.9  0.9  0.9  0.9  0.9  0.9  0.9  0.8  0.8  0.8  0.7  0.7  0.6  0.6  0.5  0.5  0.4  0.3  0.3  0.2  0.1  0.0  0.0  0.0  0.0  0.0  0.0  0.0  0.0  0.0  0.0  0.0  0.0  0.0  0.0  0.0  0.0  0.0  0.0  0.0  0.0  0.0  0.0  0.0  0.0  0.0  0.0  0.0  0.0  0.0  0.0  0.0  0.0  0.0  0.0  0.0  0.0  0.0  0.0  0.0  0.0  0.0  0.0  0.0  0.0  0.0  0.0  0.0
-65 |  0.0  0.0  0.0  0.1  0.2  0.3  0.4  0.4  0.5  0.6  0.6  0.6  0.7  0.7  0.7  0.8  0.8  0.8  0.8  0.8  0.9  0.9  0.9  0.9  0.9  0.8  0.8  0.8  0.8  0.8  0.7  0.7  0.7  0.6  0.6  0.6  0.5  0.4  0.4  0.3  0.2  0.1  0.0  0.0  0.0  0.0  0.0  0.0  0.0  0.0  0.0  0.0  0.0  0.0  0.0  0.0  0.0  0.0  0.0  0.0  0.0  0.0  0.0  0.0  0.0  0.0  0.0  0.0  0.0  0.0  0.0  0.0  0.0  0.0  0.0  0.0  0.0  0.0  0.0  0.0  0.0  0.0  0.0  0.0  0.0  0.0  0.0  0.0  0.0  0.0
-67 |  0.0  0.0  0.0  0.1  0.2  0.3  0.3  0.4  0.4  0.5  0.6  0.6  0.6  0.7  0.7  0.7  0.7  0.8  0.8  0.8  0.8  0.8  0.8  0.8  0.8  0.8  0.8  0.8  0.7  0.7  0.7  0.7  0.6  0.6  0.6  0.5  0.4  0.4  0.3  0.3  0.2  0.1  0.0  0.0  0.0  0.0  0.0  0.0  0.0  0.0  0.0  0.0  0.0  0.0  0.0  0.0  0.0  0.0  0.0  0.0  0.0  0.0  0.0  0.0  0.0  0.0  0.0  0.0  0.0  0.0  0.0  0.0  0.0  0.0  0.0  0.0  0.0  0.0  0.0  0.0  0.0  0.0  0.0  0.0  0.0  0.0  0.0  0.0  0.0  0.0
-69 |  0.0  0.0  0.0  0.1  0.2  0.2  0.3  0.4  0.4  0.5  0.5  0.5  0.6  0.6  0.6  0.7  0.7  0.7  0.7  0.7  0.7  0.7  0.7  0.7  0.7  0.7  0.7  0.7  0.7  0.7  0.6  0.6  0.6  0.5  0.5  0.5  0.4  0.4  0.3  0.2  0.2  0.1  0.0  0.0  0.0  0.0  0.0  0.0  0.0  0.0  0.0  0.0  0.0  0.0  0.0  0.0  0.0  0.0  0.0  0.0  0.0  0.0  0.0  0.0  0.0  0.0  0.0  0.0  0.0  0.0  0.0  0.0  0.0  0.0  0.0  0.0  0.0  0.0  0.0  0.0  0.0  0.0  0.0  0.0  0.0  0.0  0.0  0.0  0.0  0.0
-71 |  0.0  0.0  0.0  0.0  0.1  0.2  0.3  0.3  0.4  0.4  0.4  0.5  0.5  0.6  0.6  0.6  0.6  0.6  0.6  0.7  0.7  0.7  0.7  0.7  0.7  0.7  0.6  0.6  0.6  0.6  0.6  0.6  0.5  0.5  0.4  0.4  0.4  0.3  0.3  0.2  0.1  0.0  0.0  0.0  0.0  0.0  0.0  0.0  0.0  0.0  0.0  0.0  0.0  0.0  0.0  0.0  0.0  0.0  0.0  0.0  0.0  0.0  0.0  0.0  0.0  0.0  0.0  0.0  0.0  0.0  0.0  0.0  0.0  0.0  0.0  0.0  0.0  0.0  0.0  0.0  0.0  0.0  0.0  0.0  0.0  0.0  0.0  0.0  0.0  0.0
-73 |  0.0  0.0  0.0  0.0  0.1  0.2  0.2  0.3  0.3  0.4  0.4  0.4  0.5  0.5  0.5  0.5  0.6  0.6  0.6  0.6  0.6  0.6  0.6  0.6  0.6  0.6  0.6  0.6  0.6  0.5  0.5  0.5  0.5  0.4  0.4  0.4  0.3  0.3  0.2  0.2  0.1  0.0  0.0  0.0  0.0  0.0  0.0  0.0  0.0  0.0  0.0  0.0  0.0  0.0  0.0  0.0  0.0  0.0  0.0  0.0  0.0  0.0  0.0  0.0  0.0  0.0  0.0  0.0  0.0  0.0  0.0  0.0  0.0  0.0  0.0  0.0  0.0  0.0  0.0  0.0  0.0  0.0  0.0  0.0  0.0  0.0  0.0  0.0  0.0  0.0
-75 |  0.0  0.0  0.0  0.0  0.0  0.1  0.2  0.2  0.3  0.3  0.3  0.4  0.4  0.4  0.4  0.5  0.5  0.5  0.5  0.5  0.5  0.5  0.5  0.5  0.5  0.5  0.5  0.5  0.5  0.5  0.4  0.4  0.4  0.4  0.3  0.3  0.3  0.2  0.2  0.1  0.0  0.0  0.0  0.0  0.0  0.0  0.0  0.0  0.0  0.0  0.0  0.0  0.0  0.0  0.0  0.0  0.0  0.0  0.0  0.0  0.0  0.0  0.0  0.0  0.0  0.0  0.0  0.0  0.0  0.0  0.0  0.0  0.0  0.0  0.0  0.0  0.0  0.0  0.0  0.0  0.0  0.0  0.0  0.0  0.0  0.0  0.0  0.0  0.0  0.0
-77 |  0.0  0.0  0.0  0.0  0.0  0.1  0.1  0.2  0.2  0.2  0.3  0.3  0.3  0.4  0.4  0.4  0.4  0.4  0.4  0.4  0.4  0.5  0.5  0.5  0.4  0.4  0.4  0.4  0.4  0.4  0.4  0.4  0.3  0.3  0.3  0.2  0.2  0.2  0.1  0.1  0.0  0.0  0.0  0.0  0.0  0.0  0.0  0.0  0.0  0.0  0.0  0.0  0.0  0.0  0.0  0.0  0.0  0.0  0.0  0.0  0.0  0.0  0.0  0.0  0.0  0.0  0.0  0.0  0.0  0.0  0.0  0.0  0.0  0.0  0.0  0.0  0.0  0.0  0.0  0.0  0.0  0.0  0.0  0.0  0.0  0.0  0.0  0.0  0.0  0.0
-79 |  0.0  0.0  0.0  0.0  0.0  0.0  0.1  0.1  0.1  0.2  0.2  0.2  0.3  0.3  0.3  0.3  0.3  0.3  0.4  0.4  0.4  0.4  0.4  0.4  0.4  0.4  0.4  0.3  0.3  0.3  0.3  0.3  0.3  0.2  0.2  0.2  0.1  0.1  0.1  0.0  0.0  0.0  0.0  0.0  0.0  0.0  0.0  0.0  0.0  0.0  0.0  0.0  0.0  0.0  0.0  0.0  0.0  0.0  0.0  0.0  0.0  0.0  0.0  0.0  0.0  0.0  0.0  0.0  0.0  0.0  0.0  0.0  0.0  0.0  0.0  0.0  0.0  0.0  0.0  0.0  0.0  0.0  0.0  0.0  0.0  0.0  0.0  0.0  0.0  0.0
-81 |  0.0  0.0  0.0  0.0  0.0  0.0  0.0  0.0  0.1  0.1  0.1  0.2  0.2  0.2  0.2  0.2  0.3  0.3  0.3  0.3  0.3  0.3  0.3  0.3  0.3  0.3  0.3  0.3  0.3  0.2  0.2  0.2  0.2  0.2  0.1  0.1  0.1  0.0  0.0  0.0  0.0  0.0  0.0  0.0  0.0  0.0  0.0  0.0  0.0  0.0  0.0  0.0  0.0  0.0  0.0  0.0  0.0  0.0  0.0  0.0  0.0  0.0  0.0  0.0  0.0  0.0  0.0  0.0  0.0  0.0  0.0  0.0  0.0  0.0  0.0  0.0  0.0  0.0  0.0  0.0  0.0  0.0  0.0  0.0  0.0  0.0  0.0  0.0  0.0  0.0
-83 |  0.0  0.0  0.0  0.0  0.0  0.0  0.0  0.0  0.0  0.0  0.0  0.1  0.1  0.1  0.1  0.1  0.2  0.2  0.2  0.2  0.2  0.2  0.2  0.2  0.2  0.2  0.2  0.2  0.2  0.1  0.1  0.1  0.1  0.1  0.0  0.0  0.0  0.0  0.0  0.0  0.0  0.0  0.0  0.0  0.0  0.0  0.0  0.0  0.0  0.0  0.0  0.0  0.0  0.0  0.0  0.0  0.0  0.0  0.0  0.0  0.0  0.0  0.0  0.0  0.0  0.0  0.0  0.0  0.0  0.0  0.0  0.0  0.0  0.0  0.0  0.0  0.0  0.0  0.0  0.0  0.0  0.0  0.0  0.0  0.0  0.0  0.0  0.0  0.0  0.0
-85 |  0.0  0.0  0.0  0.0  0.0  0.0  0.0  0.0  0.0  0.0  0.0  0.0  0.0  0.0  0.0  0.0  0.0  0.0  0.1  0.1  0.1  0.1  0.1  0.1  0.1  0.1  0.1  0.0  0.0  0.0  0.0  0.0  0.0  0.0  0.0  0.0  0.0  0.0  0.0  0.0  0.0  0.0  0.0  0.0  0.0  0.0  0.0  0.0  0.0  0.0  0.0  0.0  0.0  0.0  0.0  0.0  0.0  0.0  0.0  0.0  0.0  0.0  0.0  0.0  0.0  0.0  0.0  0.0  0.0  0.0  0.0  0.0  0.0  0.0  0.0  0.0  0.0  0.0  0.0  0.0  0.0  0.0  0.0  0.0  0.0  0.0  0.0  0.0  0.0  0.0
-87 |  0.0  0.0  0.0  0.0  0.0  0.0  0.0  0.0  0.0  0.0  0.0  0.0  0.0  0.0  0.0  0.0  0.0  0.0  0.0  0.0  0.0  0.0  0.0  0.0  0.0  0.0  0.0  0.0  0.0  0.0  0.0  0.0  0.0  0.0  0.0  0.0  0.0  0.0  0.0  0.0  0.0  0.0  0.0  0.0  0.0  0.0  0.0  0.0  0.0  0.0  0.0  0.0  0.0  0.0  0.0  0.0  0.0  0.0  0.0  0.0  0.0  0.0  0.0  0.0  0.0  0.0  0.0  0.0  0.0  0.0  0.0  0.0  0.0  0.0  0.0  0.0  0.0  0.0  0.0  0.0  0.0  0.0  0.0  0.0  0.0  0.0  0.0  0.0  0.0  0.0
-89 |  0.0  0.0  0.0  0.0  0.0  0.0  0.0  0.0  0.0  0.0  0.0  0.0  0.0  0.0  0.0  0.0  0.0  0.0  0.0  0.0  0.0  0.0  0.0  0.0  0.0  0.0  0.0  0.0  0.0  0.0  0.0  0.0  0.0  0.0  0.0  0.0  0.0  0.0  0.0  0.0  0.0  0.0  0.0  0.0  0.0  0.0  0.0  0.0  0.0  0.0  0.0  0.0  0.0  0.0  0.0  0.0  0.0  0.0  0.0  0.0  0.0  0.0  0.0  0.0  0.0  0.0  0.0  0.0  0.0  0.0  0.0  0.0  0.0  0.0  0.0  0.0  0.0  0.0  0.0  0.0  0.0  0.0  0.0  0.0  0.0  0.0  0.0  0.0  0.0  0.0
