# DRAP Tabular Values
# Product: D-Region Absorption         S:\DRAP Archive\SWX_DRAP20_C_SWPC_20151001220000_GLOBAL.txt
# Product Valid At : 2015-10-01 22:00 UTC
#
# Prepared by the U.S. Dept. of Commerce, NOAA, Space Weather Prediction Center.
# Please send comments and suggestions to SWPC.Webmaster@noaa.gov
#
# Estimated Recovery Time : No Estimate
#
#  X-RAY Message : Normal X-ray Background
#
#  X-RAY Warning :  
#
#  Proton Message : Normal Proton Background
#
#  Proton Warning : 
#
# Frequency (MHz) as a function of Latitude and Longitude
#
      -178 -174 -170 -166 -162 -158 -154 -150 -146 -142 -138 -134 -130 -126 -122 -118 -114 -110 -106 -102  -98  -94  -90  -86  -82  -78  -74  -70  -66  -62  -58  -54  -50  -46  -42  -38  -34  -30  -26  -22  -18  -14  -10   -6   -2    2    6   10   14   18   22   26   30   34   38   42   46   50   54   58   62   66   70   74   78   82   86   90   94   98  102  106  110  114  118  122  126  130  134  138  142  146  150  154  158  162  166  170  174  178
------------------------------------------------------------------------------------------------------------------------------------------------------------------------------------------------------------------------------------------------------------------------------------------------------------------------------------------------------------------------------------------------------------------------------------------------------------------------
 89 |  0.0  0.0  0.0  0.0  0.0  0.0  0.0  0.0  0.0  0.0  0.0  0.0  0.0  0.0  0.0  0.0  0.0  0.0  0.0  0.0  0.0  0.0  0.0  0.0  0.0  0.0  0.0  0.0  0.0  0.0  0.0  0.0  0.0  0.0  0.0  0.0  0.0  0.0  0.0  0.0  0.0  0.0  0.0  0.0  0.0  0.0  0.0  0.0  0.0  0.0  0.0  0.0  0.0  0.0  0.0  0.0  0.0  0.0  0.0  0.0  0.0  0.0  0.0  0.0  0.0  0.0  0.0  0.0  0.0  0.0  0.0  0.0  0.0  0.0  0.0  0.0  0.0  0.0  0.0  0.0  0.0  0.0  0.0  0.0  0.0  0.0  0.0  0.0  0.0  0.0
 87 |  0.0  0.0  0.0  0.0  0.0  0.0  0.0  0.0  0.0  0.0  0.0  0.0  0.0  0.0  0.0  0.0  0.0  0.0  0.0  0.0  0.0  0.0  0.0  0.0  0.0  0.0  0.0  0.0  0.0  0.0  0.0  0.0  0.0  0.0  0.0  0.0  0.0  0.0  0.0  0.0  0.0  0.0  0.0  0.0  0.0  0.0  0.0  0.0  0.0  0.0  0.0  0.0  0.0  0.0  0.0  0.0  0.0  0.0  0.0  0.0  0.0  0.0  0.0  0.0  0.0  0.0  0.0  0.0  0.0  0.0  0.0  0.0  0.0  0.0  0.0  0.0  0.0  0.0  0.0  0.0  0.0  0.0  0.0  0.0  0.0  0.0  0.0  0.0  0.0  0.0
 85 |  0.0  0.1  0.2  0.3  0.3  0.3  0.4  0.4  0.4  0.3  0.3  0.3  0.2  0.1  0.0  0.0  0.0  0.0  0.0  0.0  0.0  0.0  0.0  0.0  0.0  0.0  0.0  0.0  0.0  0.0  0.0  0.0  0.0  0.0  0.0  0.0  0.0  0.0  0.0  0.0  0.0  0.0  0.0  0.0  0.0  0.0  0.0  0.0  0.0  0.0  0.0  0.0  0.0  0.0  0.0  0.0  0.0  0.0  0.0  0.0  0.0  0.0  0.0  0.0  0.0  0.0  0.0  0.0  0.0  0.0  0.0  0.0  0.0  0.0  0.0  0.0  0.0  0.0  0.0  0.0  0.0  0.0  0.0  0.0  0.0  0.0  0.0  0.0  0.0  0.0
 83 |  0.9  1.0  1.0  1.1  1.2  1.2  1.2  1.2  1.2  1.2  1.2  1.1  1.0  1.0  0.9  0.8  0.7  0.6  0.4  0.2  0.0  0.0  0.0  0.0  0.0  0.0  0.0  0.0  0.0  0.0  0.0  0.0  0.0  0.0  0.0  0.0  0.0  0.0  0.0  0.0  0.0  0.0  0.0  0.0  0.0  0.0  0.0  0.0  0.0  0.0  0.0  0.0  0.0  0.0  0.0  0.0  0.0  0.0  0.0  0.0  0.0  0.0  0.0  0.0  0.0  0.0  0.0  0.0  0.0  0.0  0.0  0.0  0.0  0.0  0.0  0.0  0.0  0.0  0.0  0.0  0.0  0.0  0.0  0.0  0.0  0.2  0.4  0.6  0.7  0.8
 81 |  1.5  1.6  1.7  1.8  1.8  1.8  1.9  1.9  1.9  1.8  1.8  1.8  1.7  1.6  1.5  1.4  1.3  1.2  1.0  0.8  0.6  0.4  0.0  0.0  0.0  0.0  0.0  0.0  0.0  0.0  0.0  0.0  0.0  0.0  0.0  0.0  0.0  0.0  0.0  0.0  0.0  0.0  0.0  0.0  0.0  0.0  0.0  0.0  0.0  0.0  0.0  0.0  0.0  0.0  0.0  0.0  0.0  0.0  0.0  0.0  0.0  0.0  0.0  0.0  0.0  0.0  0.0  0.0  0.0  0.0  0.0  0.0  0.0  0.0  0.0  0.0  0.0  0.0  0.0  0.0  0.0  0.0  0.0  0.4  0.6  0.8  1.0  1.2  1.3  1.4
 79 |  2.1  2.2  2.3  2.3  2.4  2.4  2.4  2.4  2.4  2.4  2.4  2.3  2.3  2.2  2.1  2.0  1.8  1.7  1.5  1.3  1.1  0.9  0.6  0.3  0.0  0.0  0.0  0.0  0.0  0.0  0.0  0.0  0.0  0.0  0.0  0.0  0.0  0.0  0.0  0.0  0.0  0.0  0.0  0.0  0.0  0.0  0.0  0.0  0.0  0.0  0.0  0.0  0.0  0.0  0.0  0.0  0.0  0.0  0.0  0.0  0.0  0.0  0.0  0.0  0.0  0.0  0.0  0.0  0.0  0.0  0.0  0.0  0.0  0.0  0.0  0.0  0.0  0.0  0.0  0.0  0.0  0.3  0.6  0.9  1.1  1.3  1.5  1.7  1.8  2.0
 77 |  2.6  2.7  2.8  2.8  2.9  2.9  2.9  2.9  2.9  2.9  2.9  2.8  2.8  2.7  2.6  2.4  2.3  2.2  2.0  1.8  1.5  1.3  1.0  0.7  0.3  0.0  0.0  0.0  0.0  0.0  0.0  0.0  0.0  0.0  0.0  0.0  0.0  0.0  0.0  0.0  0.0  0.0  0.0  0.0  0.0  0.0  0.0  0.0  0.0  0.0  0.0  0.0  0.0  0.0  0.0  0.0  0.0  0.0  0.0  0.0  0.0  0.0  0.0  0.0  0.0  0.0  0.0  0.0  0.0  0.0  0.0  0.0  0.0  0.0  0.0  0.0  0.0  0.0  0.0  0.0  0.3  0.7  1.0  1.3  1.5  1.8  2.0  2.2  2.3  2.4
 75 |  3.1  3.2  3.3  3.3  3.4  3.4  3.5  3.5  3.5  3.4  3.4  3.3  3.3  3.2  3.1  2.9  2.8  2.6  2.4  2.2  1.9  1.7  1.4  1.1  0.7  0.2  0.0  0.0  0.0  0.0  0.0  0.0  0.0  0.0  0.0  0.0  0.0  0.0  0.0  0.0  0.0  0.0  0.0  0.0  0.0  0.0  0.0  0.0  0.0  0.0  0.0  0.0  0.0  0.0  0.0  0.0  0.0  0.0  0.0  0.0  0.0  0.0  0.0  0.0  0.0  0.0  0.0  0.0  0.0  0.0  0.0  0.0  0.0  0.0  0.0  0.0  0.0  0.0  0.0  0.2  0.7  1.1  1.4  1.7  1.9  2.2  2.4  2.6  2.8  2.9
 73 |  3.5  3.6  3.8  3.9  3.9  4.0  4.0  4.0  4.0  4.0  3.9  3.9  3.8  3.6  3.5  3.3  3.2  2.9  2.8  2.6  2.3  2.0  1.7  1.4  1.0  0.6  0.0  0.0  0.0  0.0  0.0  0.0  0.0  0.0  0.0  0.0  0.0  0.0  0.0  0.0  0.0  0.0  0.0  0.0  0.0  0.0  0.0  0.0  0.0  0.0  0.0  0.0  0.0  0.0  0.0  0.0  0.0  0.0  0.0  0.0  0.0  0.0  0.0  0.0  0.0  0.0  0.0  0.0  0.0  0.0  0.0  0.0  0.0  0.0  0.0  0.0  0.0  0.0  0.0  0.6  1.0  1.4  1.7  2.0  2.3  2.6  2.8  2.9  3.2  3.3
 71 |  4.0  4.1  4.2  4.3  4.4  4.4  4.5  4.5  4.5  4.4  4.4  4.3  4.2  4.1  4.0  3.8  3.6  3.4  3.2  2.9  2.7  2.3  2.0  1.7  1.3  0.8  0.2  0.0  0.0  0.0  0.0  0.0  0.0  0.0  0.0  0.0  0.0  0.0  0.0  0.0  0.0  0.0  0.0  0.0  0.0  0.0  0.0  0.0  0.0  0.0  0.0  0.0  0.0  0.0  0.0  0.0  0.0  0.0  0.0  0.0  0.0  0.0  0.0  0.0  0.0  0.0  0.0  0.0  0.0  0.0  0.0  0.0  0.0  0.0  0.0  0.0  0.0  0.0  0.2  0.8  1.3  1.7  2.0  2.3  2.7  2.9  3.2  3.4  3.6  3.8
 69 |  4.4  4.5  4.6  4.7  4.8  4.9  4.9  4.9  4.9  4.9  4.8  4.7  4.6  4.5  4.4  4.2  4.0  3.8  3.5  3.3  2.9  2.7  2.3  1.9  1.5  1.1  0.5  0.0  0.0  0.0  0.0  0.0  0.0  0.0  0.0  0.0  0.0  0.0  0.0  0.0  0.0  0.0  0.0  0.0  0.0  0.0  0.0  0.0  0.0  0.0  0.0  0.0  0.0  0.0  0.0  0.0  0.0  0.0  0.0  0.0  0.0  0.0  0.0  0.0  0.0  0.0  0.0  0.0  0.0  0.0  0.0  0.0  0.0  0.0  0.0  0.0  0.0  0.0  0.5  1.1  1.5  1.9  2.3  2.7  2.9  3.3  3.5  3.8  4.0  4.2
 67 |  4.8  4.9  5.1  5.2  5.2  5.2  5.3  5.3  5.3  5.2  5.2  5.2  5.1  4.9  4.8  4.6  4.4  4.1  3.9  3.6  3.3  2.9  2.6  2.2  1.8  1.3  0.7  0.0  0.0  0.0  0.0  0.0  0.0  0.0  0.0  0.0  0.0  0.0  0.0  0.0  0.0  0.0  0.0  0.0  0.0  0.0  0.0  0.0  0.0  0.0  0.0  0.0  0.0  0.0  0.0  0.0  0.0  0.0  0.0  0.0  0.0  0.0  0.0  0.0  0.0  0.0  0.0  0.0  0.0  0.0  0.0  0.0  0.0  0.0  0.0  0.0  0.0  0.0  0.7  1.3  1.8  2.2  2.6  2.9  3.3  3.6  3.9  4.1  4.4  4.6
 65 |  5.2  5.2  5.4  5.5  5.6  5.7  5.7  5.7  5.7  5.7  5.6  5.5  5.4  5.2  5.2  5.0  4.7  4.5  4.2  3.9  3.6  3.3  2.8  2.4  2.0  1.5  0.9  0.1  0.0  0.0  0.0  0.0  0.0  0.0  0.0  0.0  0.0  0.0  0.0  0.0  0.0  0.0  0.0  0.0  0.0  0.0  0.0  0.0  0.0  0.0  0.0  0.0  0.0  0.0  0.0  0.0  0.0  0.0  0.0  0.0  0.0  0.0  0.0  0.0  0.0  0.0  0.0  0.0  0.0  0.0  0.0  0.0  0.0  0.0  0.0  0.0  0.0  0.1  0.9  1.5  2.0  2.4  2.8  3.3  3.6  3.9  4.2  4.5  4.7  5.0
 63 |  5.4  5.6  5.8  5.9  6.0  6.0  6.1  6.1  6.1  6.0  6.0  5.9  5.8  5.6  5.4  5.2  5.1  4.8  4.5  4.2  3.9  3.5  3.1  2.7  2.3  1.7  1.1  0.4  0.0  0.0  0.0  0.0  0.0  0.0  0.0  0.0  0.0  0.0  0.0  0.0  0.0  0.0  0.0  0.0  0.0  0.0  0.0  0.0  0.0  0.0  0.0  0.0  0.0  0.0  0.0  0.0  0.0  0.0  0.0  0.0  0.0  0.0  0.0  0.0  0.0  0.0  0.0  0.0  0.0  0.0  0.0  0.0  0.0  0.0  0.0  0.0  0.0  0.4  1.1  1.7  2.3  2.7  3.1  3.5  3.9  4.2  4.5  4.8  5.1  5.2
 61 |  5.8  6.0  6.1  6.3  6.4  6.5  6.5  6.5  6.5  6.5  6.4  6.3  6.1  6.0  5.8  5.6  5.3  5.2  4.9  4.5  4.2  3.8  3.4  2.9  2.4  1.9  1.3  0.6  0.0  0.0  0.0  0.0  0.0  0.0  0.0  0.0  0.0  0.0  0.0  0.0  0.0  0.0  0.0  0.0  0.0  0.0  0.0  0.0  0.0  0.0  0.0  0.0  0.0  0.0  0.0  0.0  0.0  0.0  0.0  0.0  0.0  0.0  0.0  0.0  0.0  0.0  0.0  0.0  0.0  0.0  0.0  0.0  0.0  0.0  0.0  0.0  0.0  0.6  1.3  1.9  2.4  2.9  3.4  3.8  4.2  4.5  4.9  5.2  5.3  5.6
 59 |  6.1  6.4  6.5  6.6  6.7  6.8  6.9  6.9  6.9  6.8  6.7  6.6  6.5  6.4  6.1  6.0  5.7  5.4  5.2  4.8  4.4  4.1  3.6  3.2  2.7  2.1  1.5  0.7  0.0  0.0  0.0  0.0  0.0  0.0  0.0  0.0  0.0  0.0  0.0  0.0  0.0  0.0  0.0  0.0  0.0  0.0  0.0  0.0  0.0  0.0  0.0  0.0  0.0  0.0  0.0  0.0  0.0  0.0  0.0  0.0  0.0  0.0  0.0  0.0  0.0  0.0  0.0  0.0  0.0  0.0  0.0  0.0  0.0  0.0  0.0  0.0  0.0  0.7  1.5  2.1  2.7  3.2  3.6  4.1  4.4  4.8  5.2  5.4  5.7  6.0
 57 |  6.5  6.7  6.9  7.0  7.1  7.2  7.2  7.2  7.2  7.2  7.1  7.0  6.9  6.7  6.5  6.3  6.0  5.7  5.4  5.1  4.7  4.3  3.9  3.3  2.8  2.3  1.6  0.9  0.0  0.0  0.0  0.0  0.0  0.0  0.0  0.0  0.0  0.0  0.0  0.0  0.0  0.0  0.0  0.0  0.0  0.0  0.0  0.0  0.0  0.0  0.0  0.0  0.0  0.0  0.0  0.0  0.0  0.0  0.0  0.0  0.0  0.0  0.0  0.0  0.0  0.0  0.0  0.0  0.0  0.0  0.0  0.0  0.0  0.0  0.0  0.0  0.0  0.9  1.6  2.3  2.8  3.3  3.9  4.3  4.7  5.1  5.4  5.7  6.0  6.3
 55 |  6.8  7.0  7.2  7.3  7.4  7.5  7.6  7.6  7.6  7.5  7.4  7.3  7.2  7.0  6.8  6.5  6.3  6.0  5.7  5.3  5.0  4.5  4.1  3.5  3.1  2.4  1.8  1.0  0.0  0.0  0.0  0.0  0.0  0.0  0.0  0.0  0.0  0.0  0.0  0.0  0.0  0.0  0.0  0.0  0.0  0.0  0.0  0.0  0.0  0.0  0.0  0.0  0.0  0.0  0.0  0.0  0.0  0.0  0.0  0.0  0.0  0.0  0.0  0.0  0.0  0.0  0.0  0.0  0.0  0.0  0.0  0.0  0.0  0.0  0.0  0.0  0.0  1.0  1.8  2.4  3.1  3.5  4.1  4.5  5.0  5.3  5.7  6.0  6.3  6.5
 53 |  7.1  7.3  7.5  7.7  7.7  7.8  7.9  7.9  7.9  7.8  7.7  7.7  7.5  7.3  7.1  6.9  6.6  6.3  6.0  5.6  5.2  4.8  4.3  3.8  3.2  2.6  1.9  1.2  0.0  0.0  0.0  0.0  0.0  0.0  0.0  0.0  0.0  0.0  0.0  0.0  0.0  0.0  0.0  0.0  0.0  0.0  0.0  0.0  0.0  0.0  0.0  0.0  0.0  0.0  0.0  0.0  0.0  0.0  0.0  0.0  0.0  0.0  0.0  0.0  0.0  0.0  0.0  0.0  0.0  0.0  0.0  0.0  0.0  0.0  0.0  0.0  0.0  1.2  1.9  2.6  3.2  3.8  4.3  4.8  5.2  5.6  6.0  6.3  6.6  6.9
 51 |  7.4  7.6  7.8  8.0  8.0  8.1  8.2  8.2  8.2  8.1  8.0  8.0  7.8  7.6  7.4  7.1  6.9  6.5  6.2  5.9  5.4  5.0  4.5  4.0  3.4  2.8  2.1  1.3  0.2  0.0  0.0  0.0  0.0  0.0  0.0  0.0  0.0  0.0  0.0  0.0  0.0  0.0  0.0  0.0  0.0  0.0  0.0  0.0  0.0  0.0  0.0  0.0  0.0  0.0  0.0  0.0  0.0  0.0  0.0  0.0  0.0  0.0  0.0  0.0  0.0  0.0  0.0  0.0  0.0  0.0  0.0  0.0  0.0  0.0  0.0  0.0  0.2  1.3  2.1  2.8  3.4  4.0  4.5  5.0  5.4  5.9  6.2  6.5  6.9  7.1
 49 |  7.7  7.9  8.1  8.3  8.3  8.5  8.5  8.5  8.5  8.5  8.3  8.3  8.1  7.9  7.7  7.4  7.1  6.8  6.5  6.0  5.6  5.2  4.7  4.2  3.5  2.9  2.2  1.4  0.4  0.0  0.0  0.0  0.0  0.0  0.0  0.0  0.0  0.0  0.0  0.0  0.0  0.0  0.0  0.0  0.0  0.0  0.0  0.0  0.0  0.0  0.0  0.0  0.0  0.0  0.0  0.0  0.0  0.0  0.0  0.0  0.0  0.0  0.0  0.0  0.0  0.0  0.0  0.0  0.0  0.0  0.0  0.0  0.0  0.0  0.0  0.0  0.4  1.4  2.2  2.9  3.5  4.2  4.7  5.2  5.6  6.0  6.5  6.8  7.1  7.4
 47 |  8.0  8.2  8.4  8.5  8.6  8.8  8.8  8.8  8.8  8.8  8.6  8.5  8.4  8.2  8.0  7.7  7.4  7.0  6.7  6.3  5.9  5.4  4.9  4.3  3.8  3.1  2.3  1.5  0.5  0.0  0.0  0.0  0.0  0.0  0.0  0.0  0.0  0.0  0.0  0.0  0.0  0.0  0.0  0.0  0.0  0.0  0.0  0.0  0.0  0.0  0.0  0.0  0.0  0.0  0.0  0.0  0.0  0.0  0.0  0.0  0.0  0.0  0.0  0.0  0.0  0.0  0.0  0.0  0.0  0.0  0.0  0.0  0.0  0.0  0.0  0.0  0.5  1.5  2.3  3.1  3.8  4.3  4.9  5.4  5.9  6.3  6.7  7.0  7.4  7.7
 45 |  8.2  8.5  8.6  8.8  8.9  9.0  9.0  9.1  9.0  9.0  8.9  8.8  8.6  8.5  8.2  8.0  7.7  7.3  7.0  6.5  6.0  5.6  5.1  4.5  3.9  3.2  2.4  1.6  0.6  0.0  0.0  0.0  0.0  0.0  0.0  0.0  0.0  0.0  0.0  0.0  0.0  0.0  0.0  0.0  0.0  0.0  0.0  0.0  0.0  0.0  0.0  0.0  0.0  0.0  0.0  0.0  0.0  0.0  0.0  0.0  0.0  0.0  0.0  0.0  0.0  0.0  0.0  0.0  0.0  0.0  0.0  0.0  0.0  0.0  0.0  0.0  0.6  1.6  2.4  3.2  3.9  4.5  5.1  5.6  6.0  6.5  7.0  7.3  7.7  8.0
 43 |  8.5  8.7  8.9  9.0  9.2  9.3  9.3  9.4  9.3  9.3  9.2  9.0  8.9  8.7  8.5  8.2  7.9  7.5  7.1  6.7  6.3  5.8  5.2  4.7  4.1  3.3  2.6  1.8  0.7  0.0  0.0  0.0  0.0  0.0  0.0  0.0  0.0  0.0  0.0  0.0  0.0  0.0  0.0  0.0  0.0  0.0  0.0  0.0  0.0  0.0  0.0  0.0  0.0  0.0  0.0  0.0  0.0  0.0  0.0  0.0  0.0  0.0  0.0  0.0  0.0  0.0  0.0  0.0  0.0  0.0  0.0  0.0  0.0  0.0  0.0  0.0  0.7  1.8  2.6  3.3  4.1  4.7  5.2  5.8  6.3  6.7  7.1  7.5  7.9  8.2
 41 |  8.7  9.0  9.2  9.3  9.5  9.5  9.6  9.6  9.6  9.5  9.5  9.3  9.2  9.0  8.7  8.4  8.1  7.7  7.3  7.0  6.5  6.0  5.4  4.8  4.2  3.5  2.7  1.9  0.8  0.0  0.0  0.0  0.0  0.0  0.0  0.0  0.0  0.0  0.0  0.0  0.0  0.0  0.0  0.0  0.0  0.0  0.0  0.0  0.0  0.0  0.0  0.0  0.0  0.0  0.0  0.0  0.0  0.0  0.0  0.0  0.0  0.0  0.0  0.0  0.0  0.0  0.0  0.0  0.0  0.0  0.0  0.0  0.0  0.0  0.0  0.0  0.8  1.9  2.7  3.5  4.2  4.8  5.4  6.0  6.5  7.0  7.3  7.7  8.1  8.4
 39 |  9.0  9.2  9.4  9.6  9.7  9.8  9.9  9.9  9.9  9.8  9.7  9.6  9.4  9.2  9.0  8.6  8.3  8.0  7.6  7.1  6.6  6.1  5.6  5.0  4.3  3.6  2.8  2.0  0.9  0.0  0.0  0.0  0.0  0.0  0.0  0.0  0.0  0.0  0.0  0.0  0.0  0.0  0.0  0.0  0.0  0.0  0.0  0.0  0.0  0.0  0.0  0.0  0.0  0.0  0.0  0.0  0.0  0.0  0.0  0.0  0.0  0.0  0.0  0.0  0.0  0.0  0.0  0.0  0.0  0.0  0.0  0.0  0.0  0.0  0.0  0.0  0.9  2.0  2.8  3.6  4.3  5.0  5.6  6.1  6.6  7.1  7.6  8.0  8.3  8.6
 37 |  9.2  9.4  9.7  9.8  9.9 10.0 10.0 10.0 10.0 10.0  9.9  9.8  9.7  9.4  9.2  8.9  8.5  8.2  7.7  7.3  6.8  6.3  5.7  5.2  4.5  3.8  2.9  2.1  1.0  0.0  0.0  0.0  0.0  0.0  0.0  0.0  0.0  0.0  0.0  0.0  0.0  0.0  0.0  0.0  0.0  0.0  0.0  0.0  0.0  0.0  0.0  0.0  0.0  0.0  0.0  0.0  0.0  0.0  0.0  0.0  0.0  0.0  0.0  0.0  0.0  0.0  0.0  0.0  0.0  0.0  0.0  0.0  0.0  0.0  0.0  0.0  1.0  2.1  2.9  3.8  4.5  5.2  5.7  6.3  6.8  7.3  7.7  8.2  8.5  8.9
 35 |  9.4  9.7  9.9 10.0 10.0 10.0 10.0 10.7 10.0 10.0 10.0 10.0  9.9  9.7  9.4  9.0  8.8  8.3  8.0  7.5  7.0  6.5  5.9  5.2  4.6  3.9  3.1  2.2  1.1  0.0  0.0  0.0  0.0  0.0  0.0  0.0  0.0  0.0  0.0  0.0  0.0  0.0  0.0  0.0  0.0  0.0  0.0  0.0  0.0  0.0  0.0  0.0  0.0  0.0  0.0  0.0  0.0  0.0  0.0  0.0  0.0  0.0  0.0  0.0  0.0  0.0  0.0  0.0  0.0  0.0  0.0  0.0  0.0  0.0  0.0  0.0  1.1  2.2  3.1  3.9  4.6  5.2  5.9  6.5  7.0  7.5  8.0  8.3  8.8  9.0
 33 |  9.6  9.9 10.0 10.0 10.7 10.7 10.7 10.7 10.7 10.7 10.7 10.0 10.0  9.9  9.6  9.3  8.9  8.5  8.1  7.7  7.2  6.6  6.0  5.4  4.7  4.0  3.2  2.3  1.2  0.0  0.0  0.0  0.0  0.0  0.0  0.0  0.0  0.0  0.0  0.0  0.0  0.0  0.0  0.0  0.0  0.0  0.0  0.0  0.0  0.0  0.0  0.0  0.0  0.0  0.0  0.0  0.0  0.0  0.0  0.0  0.0  0.0  0.0  0.0  0.0  0.0  0.0  0.0  0.0  0.0  0.0  0.0  0.0  0.0  0.0  0.0  1.2  2.3  3.2  4.0  4.7  5.4  6.0  6.6  7.2  7.7  8.1  8.5  8.9  9.3
 31 |  9.7 10.0 10.0 10.7 10.7 10.7 10.7 10.7 10.7 10.7 10.7 10.7 10.0 10.0  9.7  9.5  9.1  8.7  8.3  7.8  7.3  6.8  6.1  5.5  4.9  4.1  3.3  2.4  1.3  0.0  0.0  0.0  0.0  0.0  0.0  0.0  0.0  0.0  0.0  0.0  0.0  0.0  0.0  0.0  0.0  0.0  0.0  0.0  0.0  0.0  0.0  0.0  0.0  0.0  0.0  0.0  0.0  0.0  0.0  0.0  0.0  0.0  0.0  0.0  0.0  0.0  0.0  0.0  0.0  0.0  0.0  0.0  0.0  0.0  0.0  0.0  1.3  2.4  3.3  4.1  4.9  5.5  6.1  6.8  7.3  7.8  8.3  8.7  9.1  9.5
 29 |  9.9 10.0 10.7 10.7 10.7 10.7 10.7 10.7 10.7 10.7 10.7 10.7 10.7 10.0  9.9  9.7  9.3  8.9  8.5  8.0  7.4  6.9  6.3  5.6  5.0  4.2  3.4  2.4  1.4  0.0  0.0  0.0  0.0  0.0  0.0  0.0  0.0  0.0  0.0  0.0  0.0  0.0  0.0  0.0  0.0  0.0  0.0  0.0  0.0  0.0  0.0  0.0  0.0  0.0  0.0  0.0  0.0  0.0  0.0  0.0  0.0  0.0  0.0  0.0  0.0  0.0  0.0  0.0  0.0  0.0  0.0  0.0  0.0  0.0  0.0  0.0  1.4  2.4  3.4  4.2  5.0  5.6  6.3  6.9  7.4  8.0  8.5  8.9  9.3  9.7
 27 | 10.0 10.7 10.7 10.7 10.7 11.3 11.3 11.3 11.3 11.3 10.7 10.7 10.7 10.7 10.0  9.8  9.5  9.0  8.6  8.1  7.6  7.0  6.4  5.8  5.1  4.3  3.4  2.6  1.5  0.0  0.0  0.0  0.0  0.0  0.0  0.0  0.0  0.0  0.0  0.0  0.0  0.0  0.0  0.0  0.0  0.0  0.0  0.0  0.0  0.0  0.0  0.0  0.0  0.0  0.0  0.0  0.0  0.0  0.0  0.0  0.0  0.0  0.0  0.0  0.0  0.0  0.0  0.0  0.0  0.0  0.0  0.0  0.0  0.0  0.0  0.0  1.5  2.6  3.4  4.3  5.1  5.8  6.4  7.0  7.6  8.1  8.6  9.0  9.5  9.8
 25 | 10.0 10.7 10.7 11.3 11.3 11.3 11.3 11.3 11.3 11.3 11.3 11.3 10.7 10.7 10.0  9.9  9.6  9.2  8.8  8.3  7.7  7.2  6.5  5.9  5.2  4.4  3.5  2.6  1.5  0.0  0.0  0.0  0.0  0.0  0.0  0.0  0.0  0.0  0.0  0.0  0.0  0.0  0.0  0.0  0.0  0.0  0.0  0.0  0.0  0.0  0.0  0.0  0.0  0.0  0.0  0.0  0.0  0.0  0.0  0.0  0.0  0.0  0.0  0.0  0.0  0.0  0.0  0.0  0.0  0.0  0.0  0.0  0.0  0.0  0.0  0.0  1.5  2.6  3.5  4.4  5.2  5.9  6.5  7.2  7.7  8.3  8.8  9.2  9.6  9.9
 23 | 10.7 10.7 10.7 11.3 11.3 11.3 11.3 11.3 11.3 11.3 11.3 11.3 10.7 10.7 10.7 10.0  9.7  9.3  8.9  8.4  7.9  7.3  6.6  6.0  5.2  4.5  3.6  2.7  1.6  0.1  0.0  0.0  0.0  0.0  0.0  0.0  0.0  0.0  0.0  0.0  0.0  0.0  0.0  0.0  0.0  0.0  0.0  0.0  0.0  0.0  0.0  0.0  0.0  0.0  0.0  0.0  0.0  0.0  0.0  0.0  0.0  0.0  0.0  0.0  0.0  0.0  0.0  0.0  0.0  0.0  0.0  0.0  0.0  0.0  0.0  0.1  1.6  2.7  3.6  4.5  5.2  6.0  6.6  7.3  7.9  8.4  8.9  9.3  9.7 10.0
 21 | 10.7 10.7 11.3 11.3 11.3 11.3 11.9 11.9 11.9 11.3 11.3 11.3 11.3 10.7 10.7 10.0  9.9  9.5  9.0  8.5  8.0  7.4  6.8  6.0  5.3  4.6  3.8  2.8  1.7  0.2  0.0  0.0  0.0  0.0  0.0  0.0  0.0  0.0  0.0  0.0  0.0  0.0  0.0  0.0  0.0  0.0  0.0  0.0  0.0  0.0  0.0  0.0  0.0  0.0  0.0  0.0  0.0  0.0  0.0  0.0  0.0  0.0  0.0  0.0  0.0  0.0  0.0  0.0  0.0  0.0  0.0  0.0  0.0  0.0  0.0  0.2  1.7  2.8  3.8  4.6  5.3  6.0  6.8  7.4  8.0  8.5  9.0  9.5  9.9 10.0
 19 | 10.7 11.3 11.3 11.3 11.3 11.9 11.9 11.9 11.9 11.9 11.3 11.3 11.3 11.3 10.7 10.7 10.0  9.6  9.1  8.6  8.1  7.5  6.9  6.2  5.4  4.7  3.8  2.8  1.8  0.3  0.0  0.0  0.0  0.0  0.0  0.0  0.0  0.0  0.0  0.0  0.0  0.0  0.0  0.0  0.0  0.0  0.0  0.0  0.0  0.0  0.0  0.0  0.0  0.0  0.0  0.0  0.0  0.0  0.0  0.0  0.0  0.0  0.0  0.0  0.0  0.0  0.0  0.0  0.0  0.0  0.0  0.0  0.0  0.0  0.0  0.3  1.8  2.8  3.8  4.7  5.4  6.2  6.9  7.5  8.1  8.6  9.1  9.6 10.0 10.7
 17 | 10.7 11.3 11.3 11.3 11.9 11.9 11.9 11.9 11.9 11.9 11.9 11.3 11.3 11.3 10.7 10.7 10.0  9.7  9.3  8.8  8.2  7.6  7.0  6.3  5.5  4.8  3.9  2.9  1.8  0.4  0.0  0.0  0.0  0.0  0.0  0.0  0.0  0.0  0.0  0.0  0.0  0.0  0.0  0.0  0.0  0.0  0.0  0.0  0.0  0.0  0.0  0.0  0.0  0.0  0.0  0.0  0.0  0.0  0.0  0.0  0.0  0.0  0.0  0.0  0.0  0.0  0.0  0.0  0.0  0.0  0.0  0.0  0.0  0.0  0.0  0.4  1.8  2.9  3.9  4.8  5.5  6.3  7.0  7.6  8.2  8.8  9.3  9.7 10.0 10.7
 15 | 10.7 11.3 11.3 11.9 11.9 11.9 11.9 11.9 11.9 11.9 11.9 11.9 11.3 11.3 10.7 10.7 10.0  9.8  9.3  8.8  8.3  7.7  7.0  6.4  5.6  4.8  4.0  2.9  1.9  0.5  0.0  0.0  0.0  0.0  0.0  0.0  0.0  0.0  0.0  0.0  0.0  0.0  0.0  0.0  0.0  0.0  0.0  0.0  0.0  0.0  0.0  0.0  0.0  0.0  0.0  0.0  0.0  0.0  0.0  0.0  0.0  0.0  0.0  0.0  0.0  0.0  0.0  0.0  0.0  0.0  0.0  0.0  0.0  0.0  0.0  0.5  1.9  2.9  4.0  4.8  5.6  6.4  7.0  7.7  8.3  8.8  9.3  9.8 10.0 10.7
 13 | 11.3 11.3 11.3 11.9 11.9 11.9 11.9 11.9 11.9 11.9 11.9 11.9 11.3 11.3 11.3 10.7 10.0  9.9  9.4  8.9  8.3  7.7  7.1  6.4  5.7  4.9  4.0  3.1  2.0  0.6  0.0  0.0  0.0  0.0  0.0  0.0  0.0  0.0  0.0  0.0  0.0  0.0  0.0  0.0  0.0  0.0  0.0  0.0  0.0  0.0  0.0  0.0  0.0  0.0  0.0  0.0  0.0  0.0  0.0  0.0  0.0  0.0  0.0  0.0  0.0  0.0  0.0  0.0  0.0  0.0  0.0  0.0  0.0  0.0  0.0  0.6  2.0  3.1  4.0  4.9  5.7  6.4  7.1  7.7  8.3  8.9  9.4  9.9 10.0 10.7
 11 | 11.3 11.3 11.9 11.9 11.9 11.9 11.9 12.5 11.9 11.9 11.9 11.9 11.9 11.3 11.3 10.7 10.7 10.0  9.5  9.0  8.4  7.8  7.2  6.5  5.7  5.0  4.1  3.1  2.0  0.7  0.0  0.0  0.0  0.0  0.0  0.0  0.0  0.0  0.0  0.0  0.0  0.0  0.0  0.0  0.0  0.0  0.0  0.0  0.0  0.0  0.0  0.0  0.0  0.0  0.0  0.0  0.0  0.0  0.0  0.0  0.0  0.0  0.0  0.0  0.0  0.0  0.0  0.0  0.0  0.0  0.0  0.0  0.0  0.0  0.0  0.7  2.0  3.1  4.1  5.0  5.7  6.5  7.2  7.8  8.4  9.0  9.5 10.0 10.7 10.7
  9 | 11.3 11.3 11.9 11.9 11.9 12.5 12.5 12.5 12.5 12.5 11.9 11.9 11.9 11.3 11.3 10.7 10.7 10.0  9.6  9.0  8.5  7.9  7.3  6.5  5.8  5.0  4.1  3.2  2.1  0.7  0.0  0.0  0.0  0.0  0.0  0.0  0.0  0.0  0.0  0.0  0.0  0.0  0.0  0.0  0.0  0.0  0.0  0.0  0.0  0.0  0.0  0.0  0.0  0.0  0.0  0.0  0.0  0.0  0.0  0.0  0.0  0.0  0.0  0.0  0.0  0.0  0.0  0.0  0.0  0.0  0.0  0.0  0.0  0.0  0.0  0.7  2.1  3.2  4.1  5.0  5.8  6.5  7.3  7.9  8.5  9.0  9.6 10.0 10.7 10.7
  7 | 11.3 11.3 11.9 11.9 11.9 12.5 12.5 12.5 12.5 12.5 11.9 11.9 11.9 11.3 11.3 10.7 10.7 10.0  9.7  9.1  8.5  8.0  7.3  6.6  5.9  5.1  4.2  3.2  2.1  0.8  0.0  0.0  0.0  0.0  0.0  0.0  0.0  0.0  0.0  0.0  0.0  0.0  0.0  0.0  0.0  0.0  0.0  0.0  0.0  0.0  0.0  0.0  0.0  0.0  0.0  0.0  0.0  0.0  0.0  0.0  0.0  0.0  0.0  0.0  0.0  0.0  0.0  0.0  0.0  0.0  0.0  0.0  0.0  0.0  0.0  0.8  2.1  3.2  4.2  5.1  5.9  6.6  7.3  8.0  8.5  9.1  9.7 10.0 10.7 10.7
  5 | 11.3 11.9 11.9 11.9 12.5 12.5 12.5 12.5 12.5 12.5 12.5 11.9 11.9 11.9 11.3 11.3 10.7 10.0  9.7  9.2  8.6  8.0  7.3  6.6  5.9  5.1  4.2  3.3  2.2  0.9  0.0  0.0  0.0  0.0  0.0  0.0  0.0  0.0  0.0  0.0  0.0  0.0  0.0  0.0  0.0  0.0  0.0  0.0  0.0  0.0  0.0  0.0  0.0  0.0  0.0  0.0  0.0  0.0  0.0  0.0  0.0  0.0  0.0  0.0  0.0  0.0  0.0  0.0  0.0  0.0  0.0  0.0  0.0  0.0  0.0  0.9  2.2  3.3  4.2  5.1  5.9  6.6  7.3  8.0  8.6  9.2  9.7 10.0 10.7 11.3
  3 | 11.3 11.9 11.9 11.9 12.5 12.5 12.5 12.5 12.5 12.5 12.5 11.9 11.9 11.9 11.3 11.3 10.7 10.0  9.7  9.3  8.7  8.0  7.4  6.7  6.0  5.2  4.3  3.3  2.3  0.9  0.0  0.0  0.0  0.0  0.0  0.0  0.0  0.0  0.0  0.0  0.0  0.0  0.0  0.0  0.0  0.0  0.0  0.0  0.0  0.0  0.0  0.0  0.0  0.0  0.0  0.0  0.0  0.0  0.0  0.0  0.0  0.0  0.0  0.0  0.0  0.0  0.0  0.0  0.0  0.0  0.0  0.0  0.0  0.0  0.0  0.9  2.3  3.3  4.3  5.2  6.0  6.7  7.4  8.0  8.7  9.3  9.7 10.0 10.7 11.3
  1 | 11.3 11.9 11.9 11.9 12.5 12.5 12.5 12.5 12.5 12.5 12.5 11.9 11.9 11.9 11.3 11.3 10.7 10.0  9.8  9.3  8.7  8.1  7.4  6.7  6.0  5.2  4.3  3.3  2.3  1.0  0.0  0.0  0.0  0.0  0.0  0.0  0.0  0.0  0.0  0.0  0.0  0.0  0.0  0.0  0.0  0.0  0.0  0.0  0.0  0.0  0.0  0.0  0.0  0.0  0.0  0.0  0.0  0.0  0.0  0.0  0.0  0.0  0.0  0.0  0.0  0.0  0.0  0.0  0.0  0.0  0.0  0.0  0.0  0.0  0.0  1.0  2.3  3.3  4.3  5.2  6.0  6.7  7.4  8.1  8.7  9.3  9.8 10.0 10.7 11.3
 -1 | 11.3 11.9 11.9 11.9 12.5 12.5 12.5 12.5 12.5 12.5 12.5 11.9 11.9 11.9 11.3 11.3 10.7 10.0  9.8  9.3  8.8  8.1  7.5  6.8  6.0  5.2  4.4  3.4  2.3  1.0  0.0  0.0  0.0  0.0  0.0  0.0  0.0  0.0  0.0  0.0  0.0  0.0  0.0  0.0  0.0  0.0  0.0  0.0  0.0  0.0  0.0  0.0  0.0  0.0  0.0  0.0  0.0  0.0  0.0  0.0  0.0  0.0  0.0  0.0  0.0  0.0  0.0  0.0  0.0  0.0  0.0  0.0  0.0  0.0  0.0  1.0  2.3  3.4  4.4  5.2  6.0  6.8  7.5  8.1  8.8  9.3  9.8 10.0 10.7 11.3
 -3 | 11.3 11.9 11.9 11.9 12.5 12.5 12.5 12.5 12.5 12.5 12.5 11.9 11.9 11.9 11.3 11.3 10.7 10.0  9.8  9.3  8.8  8.2  7.5  6.8  6.0  5.2  4.4  3.4  2.4  1.1  0.0  0.0  0.0  0.0  0.0  0.0  0.0  0.0  0.0  0.0  0.0  0.0  0.0  0.0  0.0  0.0  0.0  0.0  0.0  0.0  0.0  0.0  0.0  0.0  0.0  0.0  0.0  0.0  0.0  0.0  0.0  0.0  0.0  0.0  0.0  0.0  0.0  0.0  0.0  0.0  0.0  0.0  0.0  0.0  0.0  1.1  2.4  3.4  4.4  5.2  6.0  6.8  7.5  8.2  8.8  9.3  9.8 10.0 10.7 11.3
 -5 | 11.3 11.9 11.9 11.9 12.5 12.5 12.5 12.5 12.5 12.5 12.5 11.9 11.9 11.9 11.3 11.3 10.7 10.0  9.9  9.3  8.8  8.2  7.5  6.8  6.0  5.2  4.4  3.4  2.4  1.2  0.0  0.0  0.0  0.0  0.0  0.0  0.0  0.0  0.0  0.0  0.0  0.0  0.0  0.0  0.0  0.0  0.0  0.0  0.0  0.0  0.0  0.0  0.0  0.0  0.0  0.0  0.0  0.0  0.0  0.0  0.0  0.0  0.0  0.0  0.0  0.0  0.0  0.0  0.0  0.0  0.0  0.0  0.0  0.0  0.0  1.2  2.4  3.4  4.4  5.2  6.0  6.8  7.5  8.2  8.8  9.3  9.9 10.0 10.7 11.3
 -7 | 11.3 11.9 11.9 11.9 12.5 12.5 12.5 12.5 12.5 12.5 12.5 11.9 11.9 11.9 11.3 11.3 10.7 10.0  9.9  9.3  8.8  8.2  7.5  6.8  6.0  5.2  4.4  3.5  2.4  1.2  0.0  0.0  0.0  0.0  0.0  0.0  0.0  0.0  0.0  0.0  0.0  0.0  0.0  0.0  0.0  0.0  0.0  0.0  0.0  0.0  0.0  0.0  0.0  0.0  0.0  0.0  0.0  0.0  0.0  0.0  0.0  0.0  0.0  0.0  0.0  0.0  0.0  0.0  0.0  0.0  0.0  0.0  0.0  0.0  0.0  1.2  2.4  3.5  4.4  5.2  6.0  6.8  7.5  8.2  8.8  9.3  9.9 10.0 10.7 11.3
 -9 | 11.3 11.9 11.9 11.9 12.5 12.5 12.5 12.5 12.5 12.5 12.5 11.9 11.9 11.9 11.3 11.3 10.7 10.0  9.8  9.3  8.8  8.2  7.5  6.9  6.1  5.3  4.5  3.5  2.4  1.3  0.0  0.0  0.0  0.0  0.0  0.0  0.0  0.0  0.0  0.0  0.0  0.0  0.0  0.0  0.0  0.0  0.0  0.0  0.0  0.0  0.0  0.0  0.0  0.0  0.0  0.0  0.0  0.0  0.0  0.0  0.0  0.0  0.0  0.0  0.0  0.0  0.0  0.0  0.0  0.0  0.0  0.0  0.0  0.0  0.0  1.3  2.4  3.5  4.5  5.3  6.1  6.9  7.5  8.2  8.8  9.3  9.8 10.0 10.7 11.3
-11 | 11.3 11.9 11.9 11.9 12.5 12.5 12.5 12.5 12.5 12.5 12.5 11.9 11.9 11.9 11.3 11.3 10.7 10.0  9.8  9.3  8.8  8.2  7.5  6.9  6.1  5.3  4.5  3.5  2.6  1.3  0.0  0.0  0.0  0.0  0.0  0.0  0.0  0.0  0.0  0.0  0.0  0.0  0.0  0.0  0.0  0.0  0.0  0.0  0.0  0.0  0.0  0.0  0.0  0.0  0.0  0.0  0.0  0.0  0.0  0.0  0.0  0.0  0.0  0.0  0.0  0.0  0.0  0.0  0.0  0.0  0.0  0.0  0.0  0.0  0.0  1.3  2.6  3.5  4.5  5.3  6.1  6.9  7.5  8.2  8.8  9.3  9.8 10.0 10.7 11.3
-13 | 11.3 11.9 11.9 11.9 12.5 12.5 12.5 12.5 12.5 12.5 12.5 11.9 11.9 11.9 11.3 11.3 10.7 10.0  9.8  9.3  8.8  8.2  7.5  6.8  6.1  5.3  4.5  3.5  2.6  1.4  0.0  0.0  0.0  0.0  0.0  0.0  0.0  0.0  0.0  0.0  0.0  0.0  0.0  0.0  0.0  0.0  0.0  0.0  0.0  0.0  0.0  0.0  0.0  0.0  0.0  0.0  0.0  0.0  0.0  0.0  0.0  0.0  0.0  0.0  0.0  0.0  0.0  0.0  0.0  0.0  0.0  0.0  0.0  0.0  0.0  1.4  2.6  3.5  4.5  5.3  6.1  6.8  7.5  8.2  8.8  9.3  9.8 10.0 10.7 11.3
-15 | 11.3 11.9 11.9 11.9 11.9 12.5 12.5 12.5 12.5 12.5 11.9 11.9 11.9 11.9 11.3 11.3 10.7 10.0  9.7  9.3  8.7  8.1  7.5  6.8  6.1  5.3  4.5  3.5  2.6  1.4  0.0  0.0  0.0  0.0  0.0  0.0  0.0  0.0  0.0  0.0  0.0  0.0  0.0  0.0  0.0  0.0  0.0  0.0  0.0  0.0  0.0  0.0  0.0  0.0  0.0  0.0  0.0  0.0  0.0  0.0  0.0  0.0  0.0  0.0  0.0  0.0  0.0  0.0  0.0  0.0  0.0  0.0  0.0  0.0  0.0  1.4  2.6  3.5  4.5  5.3  6.1  6.8  7.5  8.1  8.7  9.3  9.7 10.0 10.7 11.3
-17 | 11.3 11.3 11.9 11.9 11.9 12.5 12.5 12.5 12.5 12.5 11.9 11.9 11.9 11.3 11.3 10.7 10.7 10.0  9.7  9.2  8.7  8.1  7.5  6.8  6.0  5.3  4.5  3.6  2.6  1.4  0.0  0.0  0.0  0.0  0.0  0.0  0.0  0.0  0.0  0.0  0.0  0.0  0.0  0.0  0.0  0.0  0.0  0.0  0.0  0.0  0.0  0.0  0.0  0.0  0.0  0.0  0.0  0.0  0.0  0.0  0.0  0.0  0.0  0.0  0.0  0.0  0.0  0.0  0.0  0.0  0.0  0.0  0.0  0.0  0.0  1.4  2.6  3.6  4.5  5.3  6.0  6.8  7.5  8.1  8.7  9.2  9.7 10.0 10.7 10.7
-19 | 11.3 11.3 11.9 11.9 11.9 11.9 12.5 12.5 12.5 11.9 11.9 11.9 11.9 11.3 11.3 10.7 10.7 10.0  9.7  9.2  8.6  8.0  7.4  6.8  6.0  5.3  4.5  3.6  2.6  1.5  0.0  0.0  0.0  0.0  0.0  0.0  0.0  0.0  0.0  0.0  0.0  0.0  0.0  0.0  0.0  0.0  0.0  0.0  0.0  0.0  0.0  0.0  0.0  0.0  0.0  0.0  0.0  0.0  0.0  0.0  0.0  0.0  0.0  0.0  0.0  0.0  0.0  0.0  0.0  0.0  0.0  0.0  0.0  0.0  0.0  1.5  2.6  3.6  4.5  5.3  6.0  6.8  7.4  8.0  8.6  9.2  9.7 10.0 10.7 10.7
-21 | 11.3 11.3 11.9 11.9 11.9 11.9 11.9 11.9 11.9 11.9 11.9 11.9 11.9 11.3 11.3 10.7 10.7 10.0  9.6  9.1  8.5  8.0  7.4  6.7  6.0  5.3  4.5  3.6  2.7  1.5  0.0  0.0  0.0  0.0  0.0  0.0  0.0  0.0  0.0  0.0  0.0  0.0  0.0  0.0  0.0  0.0  0.0  0.0  0.0  0.0  0.0  0.0  0.0  0.0  0.0  0.0  0.0  0.0  0.0  0.0  0.0  0.0  0.0  0.0  0.0  0.0  0.0  0.0  0.0  0.0  0.0  0.0  0.0  0.0  0.0  1.5  2.7  3.6  4.5  5.3  6.0  6.7  7.4  8.0  8.5  9.1  9.6 10.0 10.7 10.7
-23 | 11.3 11.3 11.3 11.9 11.9 11.9 11.9 11.9 11.9 11.9 11.9 11.9 11.3 11.3 11.3 10.7 10.7  9.9  9.5  9.0  8.5  8.0  7.3  6.7  6.0  5.2  4.5  3.6  2.7  1.6  0.0  0.0  0.0  0.0  0.0  0.0  0.0  0.0  0.0  0.0  0.0  0.0  0.0  0.0  0.0  0.0  0.0  0.0  0.0  0.0  0.0  0.0  0.0  0.0  0.0  0.0  0.0  0.0  0.0  0.0  0.0  0.0  0.0  0.0  0.0  0.0  0.0  0.0  0.0  0.0  0.0  0.0  0.0  0.0  0.0  1.6  2.7  3.6  4.5  5.2  6.0  6.7  7.3  8.0  8.5  9.0  9.5  9.9 10.7 10.7
-25 | 10.7 11.3 11.3 11.9 11.9 11.9 11.9 11.9 11.9 11.9 11.9 11.9 11.3 11.3 10.7 10.7 10.0  9.9  9.5  9.0  8.5  7.9  7.3  6.6  6.0  5.2  4.5  3.6  2.7  1.6  0.1  0.0  0.0  0.0  0.0  0.0  0.0  0.0  0.0  0.0  0.0  0.0  0.0  0.0  0.0  0.0  0.0  0.0  0.0  0.0  0.0  0.0  0.0  0.0  0.0  0.0  0.0  0.0  0.0  0.0  0.0  0.0  0.0  0.0  0.0  0.0  0.0  0.0  0.0  0.0  0.0  0.0  0.0  0.0  0.1  1.6  2.7  3.6  4.5  5.2  6.0  6.6  7.3  7.9  8.5  9.0  9.5  9.9 10.0 10.7
-27 | 10.7 11.3 11.3 11.3 11.9 11.9 11.9 11.9 11.9 11.9 11.9 11.3 11.3 11.3 10.7 10.7 10.0  9.8  9.3  8.9  8.4  7.8  7.3  6.6  6.0  5.2  4.5  3.6  2.7  1.6  0.2  0.0  0.0  0.0  0.0  0.0  0.0  0.0  0.0  0.0  0.0  0.0  0.0  0.0  0.0  0.0  0.0  0.0  0.0  0.0  0.0  0.0  0.0  0.0  0.0  0.0  0.0  0.0  0.0  0.0  0.0  0.0  0.0  0.0  0.0  0.0  0.0  0.0  0.0  0.0  0.0  0.0  0.0  0.0  0.2  1.6  2.7  3.6  4.5  5.2  6.0  6.6  7.3  7.8  8.4  8.9  9.3  9.8 10.0 10.7
-29 | 10.7 10.7 11.3 11.3 11.3 11.9 11.9 11.9 11.9 11.9 11.3 11.3 11.3 10.7 10.7 10.7 10.0  9.7  9.3  8.8  8.3  7.7  7.2  6.5  5.9  5.2  4.4  3.6  2.7  1.7  0.3  0.0  0.0  0.0  0.0  0.0  0.0  0.0  0.0  0.0  0.0  0.0  0.0  0.0  0.0  0.0  0.0  0.0  0.0  0.0  0.0  0.0  0.0  0.0  0.0  0.0  0.0  0.0  0.0  0.0  0.0  0.0  0.0  0.0  0.0  0.0  0.0  0.0  0.0  0.0  0.0  0.0  0.0  0.0  0.3  1.7  2.7  3.6  4.4  5.2  5.9  6.5  7.2  7.7  8.3  8.8  9.3  9.7 10.0 10.7
-31 | 10.7 10.7 11.3 11.3 11.3 11.3 11.3 11.3 11.3 11.3 11.3 11.3 11.3 10.7 10.7 10.0  9.9  9.6  9.2  8.7  8.2  7.7  7.1  6.5  5.9  5.2  4.4  3.6  2.7  1.7  0.4  0.0  0.0  0.0  0.0  0.0  0.0  0.0  0.0  0.0  0.0  0.0  0.0  0.0  0.0  0.0  0.0  0.0  0.0  0.0  0.0  0.0  0.0  0.0  0.0  0.0  0.0  0.0  0.0  0.0  0.0  0.0  0.0  0.0  0.0  0.0  0.0  0.0  0.0  0.0  0.0  0.0  0.0  0.0  0.4  1.7  2.7  3.6  4.4  5.2  5.9  6.5  7.1  7.7  8.2  8.7  9.2  9.6  9.9 10.0
-33 | 10.7 10.7 10.7 11.3 11.3 11.3 11.3 11.3 11.3 11.3 11.3 11.3 10.7 10.7 10.7 10.0  9.8  9.5  9.0  8.6  8.1  7.6  7.0  6.5  5.8  5.2  4.4  3.5  2.7  1.7  0.5  0.0  0.0  0.0  0.0  0.0  0.0  0.0  0.0  0.0  0.0  0.0  0.0  0.0  0.0  0.0  0.0  0.0  0.0  0.0  0.0  0.0  0.0  0.0  0.0  0.0  0.0  0.0  0.0  0.0  0.0  0.0  0.0  0.0  0.0  0.0  0.0  0.0  0.0  0.0  0.0  0.0  0.0  0.0  0.5  1.7  2.7  3.5  4.4  5.2  5.8  6.5  7.0  7.6  8.1  8.6  9.0  9.5  9.8 10.0
-35 | 10.0 10.7 10.7 10.7 11.3 11.3 11.3 11.3 11.3 11.3 11.3 10.7 10.7 10.7 10.0 10.0  9.7  9.3  8.9  8.5  8.0  7.5  7.0  6.4  5.7  5.1  4.4  3.5  2.7  1.8  0.6  0.0  0.0  0.0  0.0  0.0  0.0  0.0  0.0  0.0  0.0  0.0  0.0  0.0  0.0  0.0  0.0  0.0  0.0  0.0  0.0  0.0  0.0  0.0  0.0  0.0  0.0  0.0  0.0  0.0  0.0  0.0  0.0  0.0  0.0  0.0  0.0  0.0  0.0  0.0  0.0  0.0  0.0  0.0  0.6  1.8  2.7  3.5  4.4  5.1  5.7  6.4  7.0  7.5  8.0  8.5  8.9  9.3  9.7 10.0
-37 | 10.0 10.7 10.7 10.7 10.7 11.3 11.3 11.3 11.3 11.3 10.7 10.7 10.7 10.7 10.0  9.9  9.5  9.2  8.8  8.3  7.9  7.4  6.9  6.3  5.7  5.0  4.3  3.5  2.7  1.8  0.7  0.0  0.0  0.0  0.0  0.0  0.0  0.0  0.0  0.0  0.0  0.0  0.0  0.0  0.0  0.0  0.0  0.0  0.0  0.0  0.0  0.0  0.0  0.0  0.0  0.0  0.0  0.0  0.0  0.0  0.0  0.0  0.0  0.0  0.0  0.0  0.0  0.0  0.0  0.0  0.0  0.0  0.0  0.0  0.7  1.8  2.7  3.5  4.3  5.0  5.7  6.3  6.9  7.4  7.9  8.3  8.8  9.2  9.5  9.9
-39 |  9.9 10.0 10.7 10.7 10.7 10.7 10.7 10.7 10.7 10.7 10.7 10.7 10.7 10.0  9.9  9.7  9.4  9.0  8.6  8.3  7.7  7.3  6.7  6.2  5.6  5.0  4.3  3.5  2.7  1.8  0.7  0.0  0.0  0.0  0.0  0.0  0.0  0.0  0.0  0.0  0.0  0.0  0.0  0.0  0.0  0.0  0.0  0.0  0.0  0.0  0.0  0.0  0.0  0.0  0.0  0.0  0.0  0.0  0.0  0.0  0.0  0.0  0.0  0.0  0.0  0.0  0.0  0.0  0.0  0.0  0.0  0.0  0.0  0.0  0.7  1.8  2.7  3.5  4.3  5.0  5.6  6.2  6.7  7.3  7.7  8.3  8.6  9.0  9.4  9.7
-41 |  9.8 10.0 10.0 10.7 10.7 10.7 10.7 10.7 10.7 10.7 10.7 10.7 10.0 10.0  9.8  9.5  9.2  8.8  8.5  8.1  7.7  7.2  6.6  6.1  5.5  4.9  4.2  3.5  2.7  1.9  0.8  0.0  0.0  0.0  0.0  0.0  0.0  0.0  0.0  0.0  0.0  0.0  0.0  0.0  0.0  0.0  0.0  0.0  0.0  0.0  0.0  0.0  0.0  0.0  0.0  0.0  0.0  0.0  0.0  0.0  0.0  0.0  0.0  0.0  0.0  0.0  0.0  0.0  0.0  0.0  0.0  0.0  0.0  0.0  0.8  1.9  2.7  3.5  4.2  4.9  5.5  6.1  6.6  7.2  7.7  8.1  8.5  8.8  9.2  9.5
-43 |  9.6  9.8 10.0 10.0 10.0 10.7 10.7 10.7 10.7 10.7 10.0 10.0 10.0  9.8  9.6  9.3  9.0  8.7  8.3  8.0  7.5  7.0  6.5  6.0  5.4  4.8  4.2  3.4  2.7  1.9  0.9  0.0  0.0  0.0  0.0  0.0  0.0  0.0  0.0  0.0  0.0  0.0  0.0  0.0  0.0  0.0  0.0  0.0  0.0  0.0  0.0  0.0  0.0  0.0  0.0  0.0  0.0  0.0  0.0  0.0  0.0  0.0  0.0  0.0  0.0  0.0  0.0  0.0  0.0  0.0  0.0  0.0  0.0  0.0  0.9  1.9  2.7  3.4  4.2  4.8  5.4  6.0  6.5  7.0  7.5  8.0  8.3  8.7  9.0  9.3
-45 |  9.4  9.6  9.8  9.9 10.0 10.0 10.0 10.0 10.0 10.0 10.0  9.9  9.8  9.6  9.4  9.1  8.8  8.5  8.2  7.8  7.3  6.9  6.4  5.9  5.3  4.8  4.1  3.4  2.7  1.9  0.9  0.0  0.0  0.0  0.0  0.0  0.0  0.0  0.0  0.0  0.0  0.0  0.0  0.0  0.0  0.0  0.0  0.0  0.0  0.0  0.0  0.0  0.0  0.0  0.0  0.0  0.0  0.0  0.0  0.0  0.0  0.0  0.0  0.0  0.0  0.0  0.0  0.0  0.0  0.0  0.0  0.0  0.0  0.0  0.9  1.9  2.7  3.4  4.1  4.8  5.3  5.9  6.4  6.9  7.3  7.8  8.2  8.5  8.8  9.1
-47 |  9.2  9.4  9.6  9.7  9.9  9.9 10.0 10.0 10.0  9.9  9.9  9.7  9.6  9.4  9.2  8.9  8.6  8.3  8.0  7.6  7.2  6.8  6.3  5.8  5.2  4.7  4.1  3.4  2.7  1.9  1.0  0.0  0.0  0.0  0.0  0.0  0.0  0.0  0.0  0.0  0.0  0.0  0.0  0.0  0.0  0.0  0.0  0.0  0.0  0.0  0.0  0.0  0.0  0.0  0.0  0.0  0.0  0.0  0.0  0.0  0.0  0.0  0.0  0.0  0.0  0.0  0.0  0.0  0.0  0.0  0.0  0.0  0.0  0.0  1.0  1.9  2.7  3.4  4.1  4.7  5.2  5.8  6.3  6.8  7.2  7.6  8.0  8.3  8.6  8.9
-49 |  9.0  9.2  9.3  9.5  9.6  9.7  9.7  9.7  9.7  9.7  9.6  9.5  9.3  9.2  9.0  8.7  8.5  8.1  7.8  7.4  7.0  6.6  6.1  5.7  5.2  4.6  4.0  3.4  2.7  1.9  1.0  0.0  0.0  0.0  0.0  0.0  0.0  0.0  0.0  0.0  0.0  0.0  0.0  0.0  0.0  0.0  0.0  0.0  0.0  0.0  0.0  0.0  0.0  0.0  0.0  0.0  0.0  0.0  0.0  0.0  0.0  0.0  0.0  0.0  0.0  0.0  0.0  0.0  0.0  0.0  0.0  0.0  0.0  0.0  1.0  1.9  2.7  3.4  4.0  4.6  5.2  5.7  6.1  6.6  7.0  7.4  7.8  8.1  8.5  8.7
-51 |  8.8  8.9  9.1  9.3  9.4  9.5  9.5  9.5  9.5  9.5  9.4  9.3  9.1  8.9  8.8  8.5  8.3  8.0  7.6  7.3  6.9  6.5  6.0  5.5  5.1  4.5  4.0  3.3  2.7  1.9  1.1  0.0  0.0  0.0  0.0  0.0  0.0  0.0  0.0  0.0  0.0  0.0  0.0  0.0  0.0  0.0  0.0  0.0  0.0  0.0  0.0  0.0  0.0  0.0  0.0  0.0  0.0  0.0  0.0  0.0  0.0  0.0  0.0  0.0  0.0  0.0  0.0  0.0  0.0  0.0  0.0  0.0  0.0  0.0  1.1  1.9  2.7  3.3  4.0  4.5  5.1  5.5  6.0  6.5  6.9  7.3  7.6  8.0  8.3  8.5
-53 |  8.5  8.7  8.8  9.0  9.1  9.2  9.2  9.3  9.2  9.2  9.1  9.0  8.8  8.7  8.5  8.3  8.0  7.7  7.4  7.0  6.7  6.3  5.9  5.4  5.0  4.4  3.9  3.3  2.7  1.9  1.2  0.0  0.0  0.0  0.0  0.0  0.0  0.0  0.0  0.0  0.0  0.0  0.0  0.0  0.0  0.0  0.0  0.0  0.0  0.0  0.0  0.0  0.0  0.0  0.0  0.0  0.0  0.0  0.0  0.0  0.0  0.0  0.0  0.0  0.0  0.0  0.0  0.0  0.0  0.0  0.0  0.0  0.0  0.0  1.2  1.9  2.7  3.3  3.9  4.4  5.0  5.4  5.9  6.3  6.7  7.0  7.4  7.7  8.0  8.3
-55 |  8.3  8.4  8.6  8.7  8.8  8.9  8.9  9.0  8.9  8.9  8.8  8.7  8.6  8.4  8.3  8.0  7.8  7.5  7.2  6.9  6.5  6.1  5.7  5.2  4.8  4.3  3.8  3.2  2.6  2.0  1.2  0.2  0.0  0.0  0.0  0.0  0.0  0.0  0.0  0.0  0.0  0.0  0.0  0.0  0.0  0.0  0.0  0.0  0.0  0.0  0.0  0.0  0.0  0.0  0.0  0.0  0.0  0.0  0.0  0.0  0.0  0.0  0.0  0.0  0.0  0.0  0.0  0.0  0.0  0.0  0.0  0.0  0.0  0.2  1.2  2.0  2.6  3.2  3.8  4.3  4.8  5.2  5.7  6.1  6.5  6.9  7.2  7.5  7.8  8.0
-57 |  8.0  8.2  8.3  8.4  8.5  8.6  8.6  8.7  8.6  8.6  8.5  8.4  8.3  8.2  8.0  7.7  7.5  7.3  7.0  6.6  6.3  6.0  5.5  5.2  4.7  4.2  3.8  3.2  2.6  2.0  1.3  0.4  0.0  0.0  0.0  0.0  0.0  0.0  0.0  0.0  0.0  0.0  0.0  0.0  0.0  0.0  0.0  0.0  0.0  0.0  0.0  0.0  0.0  0.0  0.0  0.0  0.0  0.0  0.0  0.0  0.0  0.0  0.0  0.0  0.0  0.0  0.0  0.0  0.0  0.0  0.0  0.0  0.0  0.4  1.3  2.0  2.6  3.2  3.8  4.2  4.7  5.2  5.5  6.0  6.3  6.6  7.0  7.3  7.5  7.7
-59 |  7.7  7.9  8.0  8.2  8.3  8.3  8.3  8.3  8.3  8.3  8.3  8.2  8.0  7.9  7.7  7.5  7.3  7.0  6.7  6.5  6.1  5.8  5.4  5.0  4.6  4.1  3.6  3.1  2.6  2.0  1.3  0.5  0.0  0.0  0.0  0.0  0.0  0.0  0.0  0.0  0.0  0.0  0.0  0.0  0.0  0.0  0.0  0.0  0.0  0.0  0.0  0.0  0.0  0.0  0.0  0.0  0.0  0.0  0.0  0.0  0.0  0.0  0.0  0.0  0.0  0.0  0.0  0.0  0.0  0.0  0.0  0.0  0.0  0.5  1.3  2.0  2.6  3.1  3.6  4.1  4.6  5.0  5.4  5.8  6.1  6.5  6.7  7.0  7.3  7.5
-61 |  7.4  7.6  7.7  7.8  8.0  8.0  8.0  8.0  8.0  8.0  8.0  7.8  7.7  7.6  7.4  7.2  7.0  6.8  6.5  6.2  6.0  5.6  5.2  4.9  4.5  4.0  3.5  3.1  2.6  2.0  1.4  0.6  0.0  0.0  0.0  0.0  0.0  0.0  0.0  0.0  0.0  0.0  0.0  0.0  0.0  0.0  0.0  0.0  0.0  0.0  0.0  0.0  0.0  0.0  0.0  0.0  0.0  0.0  0.0  0.0  0.0  0.0  0.0  0.0  0.0  0.0  0.0  0.0  0.0  0.0  0.0  0.0  0.0  0.6  1.4  2.0  2.6  3.1  3.5  4.0  4.5  4.9  5.2  5.6  6.0  6.2  6.5  6.8  7.0  7.2
-63 |  7.1  7.3  7.4  7.5  7.6  7.7  7.7  7.7  7.7  7.7  7.6  7.5  7.4  7.3  7.1  7.0  6.7  6.5  6.3  6.0  5.7  5.4  5.1  4.7  4.3  3.9  3.4  2.9  2.6  2.0  1.4  0.7  0.0  0.0  0.0  0.0  0.0  0.0  0.0  0.0  0.0  0.0  0.0  0.0  0.0  0.0  0.0  0.0  0.0  0.0  0.0  0.0  0.0  0.0  0.0  0.0  0.0  0.0  0.0  0.0  0.0  0.0  0.0  0.0  0.0  0.0  0.0  0.0  0.0  0.0  0.0  0.0  0.0  0.7  1.4  2.0  2.6  2.9  3.4  3.9  4.3  4.7  5.1  5.4  5.7  6.0  6.3  6.5  6.7  7.0
-65 |  6.8  7.0  7.1  7.2  7.3  7.3  7.3  7.4  7.3  7.3  7.3  7.2  7.1  7.0  6.8  6.6  6.5  6.2  6.0  5.8  5.5  5.2  4.9  4.5  4.2  3.8  3.4  2.9  2.4  2.0  1.4  0.8  0.0  0.0  0.0  0.0  0.0  0.0  0.0  0.0  0.0  0.0  0.0  0.0  0.0  0.0  0.0  0.0  0.0  0.0  0.0  0.0  0.0  0.0  0.0  0.0  0.0  0.0  0.0  0.0  0.0  0.0  0.0  0.0  0.0  0.0  0.0  0.0  0.0  0.0  0.0  0.0  0.0  0.8  1.4  2.0  2.4  2.9  3.4  3.8  4.2  4.5  4.9  5.2  5.5  5.8  6.0  6.2  6.5  6.6
-67 |  6.5  6.6  6.8  6.9  7.0  7.0  7.0  7.0  7.0  7.0  7.0  6.9  6.8  6.6  6.5  6.4  6.1  6.0  5.8  5.5  5.2  5.0  4.7  4.4  4.0  3.6  3.3  2.8  2.4  2.0  1.5  0.9  0.2  0.0  0.0  0.0  0.0  0.0  0.0  0.0  0.0  0.0  0.0  0.0  0.0  0.0  0.0  0.0  0.0  0.0  0.0  0.0  0.0  0.0  0.0  0.0  0.0  0.0  0.0  0.0  0.0  0.0  0.0  0.0  0.0  0.0  0.0  0.0  0.0  0.0  0.0  0.0  0.2  0.9  1.5  2.0  2.4  2.8  3.3  3.6  4.0  4.4  4.7  5.0  5.2  5.5  5.8  6.0  6.1  6.4
-69 |  6.2  6.3  6.5  6.5  6.5  6.6  6.6  6.7  6.6  6.6  6.5  6.5  6.5  6.3  6.2  6.0  5.9  5.7  5.5  5.2  5.0  4.8  4.5  4.2  3.9  3.5  3.2  2.8  2.4  2.0  1.5  1.0  0.4  0.0  0.0  0.0  0.0  0.0  0.0  0.0  0.0  0.0  0.0  0.0  0.0  0.0  0.0  0.0  0.0  0.0  0.0  0.0  0.0  0.0  0.0  0.0  0.0  0.0  0.0  0.0  0.0  0.0  0.0  0.0  0.0  0.0  0.0  0.0  0.0  0.0  0.0  0.0  0.4  1.0  1.5  2.0  2.4  2.8  3.2  3.5  3.9  4.2  4.5  4.8  5.0  5.2  5.5  5.7  5.9  6.0
-71 |  5.9  6.0  6.0  6.1  6.2  6.3  6.3  6.3  6.3  6.3  6.2  6.1  6.0  6.0  5.9  5.7  5.5  5.3  5.2  5.0  4.8  4.5  4.3  4.0  3.6  3.4  3.1  2.7  2.4  2.0  1.6  1.1  0.6  0.0  0.0  0.0  0.0  0.0  0.0  0.0  0.0  0.0  0.0  0.0  0.0  0.0  0.0  0.0  0.0  0.0  0.0  0.0  0.0  0.0  0.0  0.0  0.0  0.0  0.0  0.0  0.0  0.0  0.0  0.0  0.0  0.0  0.0  0.0  0.0  0.0  0.0  0.0  0.6  1.1  1.6  2.0  2.4  2.7  3.1  3.4  3.6  4.0  4.3  4.5  4.8  5.0  5.2  5.3  5.5  5.7
-73 |  5.5  5.6  5.7  5.8  5.9  5.9  5.9  6.0  5.9  5.9  5.9  5.8  5.7  5.6  5.5  5.3  5.2  5.1  4.9  4.7  4.5  4.3  4.1  3.8  3.5  3.3  2.9  2.7  2.3  2.0  1.6  1.2  0.8  0.2  0.0  0.0  0.0  0.0  0.0  0.0  0.0  0.0  0.0  0.0  0.0  0.0  0.0  0.0  0.0  0.0  0.0  0.0  0.0  0.0  0.0  0.0  0.0  0.0  0.0  0.0  0.0  0.0  0.0  0.0  0.0  0.0  0.0  0.0  0.0  0.0  0.0  0.2  0.8  1.2  1.6  2.0  2.3  2.7  2.9  3.3  3.5  3.8  4.1  4.3  4.5  4.7  4.9  5.1  5.2  5.3
-75 |  5.2  5.2  5.3  5.4  5.4  5.5  5.5  5.5  5.5  5.5  5.4  5.4  5.3  5.2  5.2  5.1  4.9  4.8  4.6  4.4  4.3  4.1  3.9  3.6  3.3  3.1  2.8  2.6  2.3  2.0  1.6  1.3  0.9  0.5  0.0  0.0  0.0  0.0  0.0  0.0  0.0  0.0  0.0  0.0  0.0  0.0  0.0  0.0  0.0  0.0  0.0  0.0  0.0  0.0  0.0  0.0  0.0  0.0  0.0  0.0  0.0  0.0  0.0  0.0  0.0  0.0  0.0  0.0  0.0  0.0  0.0  0.5  0.9  1.3  1.6  2.0  2.3  2.6  2.8  3.1  3.3  3.6  3.9  4.1  4.3  4.4  4.6  4.8  4.9  5.1
-77 |  4.8  4.9  5.0  5.0  5.1  5.1  5.1  5.1  5.1  5.1  5.1  5.0  5.0  4.9  4.8  4.7  4.6  4.4  4.3  4.2  4.0  3.8  3.6  3.4  3.2  2.9  2.7  2.4  2.3  2.0  1.7  1.4  1.1  0.7  0.3  0.0  0.0  0.0  0.0  0.0  0.0  0.0  0.0  0.0  0.0  0.0  0.0  0.0  0.0  0.0  0.0  0.0  0.0  0.0  0.0  0.0  0.0  0.0  0.0  0.0  0.0  0.0  0.0  0.0  0.0  0.0  0.0  0.0  0.0  0.0  0.3  0.7  1.1  1.4  1.7  2.0  2.3  2.4  2.7  2.9  3.2  3.4  3.6  3.8  4.0  4.2  4.3  4.4  4.6  4.7
-79 |  4.4  4.5  4.5  4.6  4.6  4.7  4.7  4.7  4.7  4.7  4.6  4.6  4.5  4.5  4.4  4.3  4.2  4.1  4.0  3.9  3.6  3.5  3.3  3.2  2.9  2.8  2.6  2.4  2.2  1.9  1.7  1.5  1.2  0.9  0.6  0.3  0.0  0.0  0.0  0.0  0.0  0.0  0.0  0.0  0.0  0.0  0.0  0.0  0.0  0.0  0.0  0.0  0.0  0.0  0.0  0.0  0.0  0.0  0.0  0.0  0.0  0.0  0.0  0.0  0.0  0.0  0.0  0.0  0.0  0.3  0.6  0.9  1.2  1.5  1.7  1.9  2.2  2.4  2.6  2.8  2.9  3.2  3.3  3.5  3.6  3.9  4.0  4.1  4.2  4.3
-81 |  4.0  4.1  4.1  4.2  4.2  4.2  4.2  4.2  4.2  4.2  4.2  4.2  4.1  4.1  4.0  3.9  3.9  3.8  3.6  3.5  3.4  3.3  3.1  2.9  2.8  2.7  2.4  2.3  2.1  1.9  1.7  1.5  1.3  1.1  0.9  0.6  0.4  0.0  0.0  0.0  0.0  0.0  0.0  0.0  0.0  0.0  0.0  0.0  0.0  0.0  0.0  0.0  0.0  0.0  0.0  0.0  0.0  0.0  0.0  0.0  0.0  0.0  0.0  0.0  0.0  0.0  0.0  0.0  0.4  0.6  0.9  1.1  1.3  1.5  1.7  1.9  2.1  2.3  2.4  2.7  2.8  2.9  3.1  3.3  3.4  3.5  3.6  3.8  3.9  3.9
-83 |  3.5  3.6  3.6  3.6  3.8  3.8  3.8  3.8  3.8  3.8  3.8  3.6  3.6  3.6  3.5  3.5  3.4  3.3  3.3  3.2  3.1  2.9  2.8  2.7  2.6  2.4  2.3  2.2  2.1  1.9  1.8  1.6  1.5  1.3  1.1  1.0  0.8  0.6  0.4  0.2  0.0  0.0  0.0  0.0  0.0  0.0  0.0  0.0  0.0  0.0  0.0  0.0  0.0  0.0  0.0  0.0  0.0  0.0  0.0  0.0  0.0  0.0  0.0  0.0  0.0  0.2  0.4  0.6  0.8  1.0  1.1  1.3  1.5  1.6  1.8  1.9  2.1  2.2  2.3  2.4  2.6  2.7  2.8  2.9  3.1  3.2  3.3  3.3  3.4  3.5
-85 |  3.1  3.2  3.2  3.2  3.2  3.2  3.3  3.3  3.3  3.2  3.2  3.2  3.2  3.2  3.1  3.1  2.9  2.9  2.9  2.8  2.7  2.7  2.6  2.6  2.4  2.3  2.2  2.1  2.0  1.9  1.8  1.7  1.6  1.5  1.4  1.2  1.1  1.0  0.9  0.8  0.7  0.6  0.4  0.3  0.2  0.1  0.0  0.0  0.0  0.0  0.0  0.0  0.0  0.0  0.0  0.0  0.0  0.0  0.0  0.1  0.2  0.3  0.4  0.6  0.7  0.8  0.9  1.0  1.1  1.2  1.4  1.5  1.6  1.7  1.8  1.9  2.0  2.1  2.2  2.3  2.4  2.6  2.6  2.7  2.7  2.8  2.9  2.9  2.9  3.1
-87 |  2.7  2.7  2.7  2.7  2.7  2.7  2.7  2.7  2.7  2.7  2.7  2.7  2.7  2.7  2.7  2.6  2.6  2.6  2.4  2.4  2.4  2.3  2.3  2.3  2.2  2.1  2.1  2.0  2.0  1.9  1.8  1.8  1.7  1.6  1.6  1.5  1.4  1.4  1.3  1.2  1.2  1.1  1.1  1.0  1.0  1.0  0.9  0.9  0.9  0.8  0.8  0.8  0.8  0.8  0.8  0.8  0.9  0.9  0.9  1.0  1.0  1.0  1.1  1.1  1.2  1.2  1.3  1.4  1.4  1.5  1.6  1.6  1.7  1.8  1.8  1.9  2.0  2.0  2.1  2.1  2.2  2.3  2.3  2.3  2.4  2.4  2.4  2.6  2.6  2.6
-89 |  2.1  2.1  2.1  2.2  2.2  2.2  2.2  2.2  2.2  2.2  2.2  2.2  2.1  2.1  2.1  2.1  2.1  2.1  2.1  2.1  2.1  2.0  2.0  2.0  2.0  2.0  1.9  1.9  1.9  1.9  1.9  1.8  1.8  1.8  1.8  1.7  1.7  1.7  1.7  1.7  1.6  1.6  1.6  1.6  1.6  1.6  1.6  1.6  1.5  1.5  1.5  1.5  1.5  1.5  1.5  1.5  1.5  1.6  1.6  1.6  1.6  1.6  1.6  1.6  1.6  1.7  1.7  1.7  1.7  1.7  1.8  1.8  1.8  1.8  1.9  1.9  1.9  1.9  1.9  2.0  2.0  2.0  2.0  2.0  2.1  2.1  2.1  2.1  2.1  2.1
