# DRAP Tabular Values
# Product: D-Region Absorption         /images/SWX_DRAP20_C_SWPC_20240401220000_GLOBAL.txt
# Product Valid At : 2024-04-01 22:00 UTC
#
# Prepared by the U.S. Dept. of Commerce, NOAA, Space Weather Prediction Center.
# Please send comments and suggestions to SWPC.Webmaster@noaa.gov
#
# Estimated Recovery Time : No Estimate
#
#  X-RAY Message : Normal X-ray Background
#
#  X-RAY Warning :  
#
#  Proton Message : Normal Proton Background
#
#  Proton Warning : 
#
# Frequency (MHz) as a function of Latitude and Longitude
#
      -178 -174 -170 -166 -162 -158 -154 -150 -146 -142 -138 -134 -130 -126 -122 -118 -114 -110 -106 -102  -98  -94  -90  -86  -82  -78  -74  -70  -66  -62  -58  -54  -50  -46  -42  -38  -34  -30  -26  -22  -18  -14  -10   -6   -2    2    6   10   14   18   22   26   30   34   38   42   46   50   54   58   62   66   70   74   78   82   86   90   94   98  102  106  110  114  118  122  126  130  134  138  142  146  150  154  158  162  166  170  174  178
------------------------------------------------------------------------------------------------------------------------------------------------------------------------------------------------------------------------------------------------------------------------------------------------------------------------------------------------------------------------------------------------------------------------------------------------------------------------
 89 |  1.2  1.2  1.2  1.2  1.2  1.2  1.2  1.2  1.2  1.2  1.2  1.2  1.2  1.2  1.2  1.2  1.2  1.2  1.2  1.2  1.2  1.2  1.2  1.2  1.1  1.1  1.1  1.1  1.1  1.1  1.1  1.0  1.0  1.0  1.0  1.0  1.0  1.0  1.0  1.0  0.9  0.9  0.9  0.9  0.9  0.9  0.9  0.9  0.9  0.9  0.9  0.9  0.9  0.9  0.9  0.9  0.9  0.9  0.9  0.9  0.9  0.9  0.9  0.9  0.9  1.0  1.0  1.0  1.0  1.0  1.0  1.0  1.0  1.0  1.0  1.1  1.1  1.1  1.1  1.1  1.1  1.1  1.2  1.2  1.2  1.2  1.2  1.2  1.2  1.2
 87 |  1.5  1.5  1.5  1.5  1.5  1.5  1.5  1.5  1.5  1.5  1.5  1.5  1.5  1.5  1.5  1.5  1.5  1.4  1.4  1.4  1.4  1.3  1.3  1.3  1.2  1.2  1.2  1.2  1.1  1.1  1.0  1.0  1.0  0.9  0.9  0.9  0.8  0.8  0.8  0.7  0.7  0.7  0.6  0.6  0.6  0.6  0.6  0.5  0.5  0.5  0.5  0.5  0.5  0.5  0.5  0.5  0.5  0.5  0.6  0.6  0.6  0.6  0.6  0.7  0.7  0.7  0.8  0.8  0.8  0.9  0.9  0.9  1.0  1.0  1.0  1.1  1.1  1.2  1.2  1.2  1.2  1.3  1.3  1.3  1.4  1.4  1.4  1.4  1.4  1.5
 85 |  1.7  1.8  1.8  1.8  1.8  1.8  1.8  1.8  1.8  1.8  1.8  1.8  1.8  1.8  1.7  1.7  1.7  1.7  1.6  1.6  1.5  1.5  1.5  1.4  1.4  1.3  1.3  1.2  1.2  1.1  1.0  1.0  0.9  0.9  0.8  0.7  0.7  0.6  0.6  0.5  0.4  0.4  0.3  0.2  0.2  0.1  0.1  0.0  0.0  0.0  0.0  0.0  0.0  0.0  0.0  0.0  0.0  0.0  0.1  0.1  0.2  0.2  0.3  0.4  0.4  0.5  0.5  0.6  0.7  0.7  0.8  0.9  0.9  1.0  1.0  1.1  1.2  1.2  1.3  1.3  1.4  1.4  1.5  1.5  1.5  1.6  1.6  1.7  1.7  1.7
 83 |  2.0  2.0  2.0  2.1  2.1  2.1  2.1  2.1  2.1  2.1  2.1  2.1  2.1  2.0  2.0  2.0  1.9  1.9  1.8  1.8  1.7  1.7  1.6  1.5  1.5  1.4  1.3  1.3  1.2  1.1  1.0  0.9  0.9  0.8  0.7  0.6  0.5  0.4  0.3  0.2  0.0  0.0  0.0  0.0  0.0  0.0  0.0  0.0  0.0  0.0  0.0  0.0  0.0  0.0  0.0  0.0  0.0  0.0  0.0  0.0  0.0  0.0  0.0  0.0  0.0  0.2  0.3  0.4  0.5  0.6  0.7  0.8  0.8  0.9  1.0  1.1  1.2  1.2  1.3  1.4  1.5  1.5  1.6  1.7  1.7  1.8  1.8  1.9  1.9  1.9
 81 |  2.2  2.3  2.3  2.3  2.3  2.3  2.3  2.3  2.3  2.3  2.3  2.3  2.3  2.3  2.3  2.2  2.1  2.1  2.0  2.0  1.9  1.8  1.8  1.7  1.6  1.5  1.4  1.3  1.2  1.1  1.0  0.9  0.8  0.7  0.6  0.4  0.3  0.1  0.0  0.0  0.0  0.0  0.0  0.0  0.0  0.0  0.0  0.0  0.0  0.0  0.0  0.0  0.0  0.0  0.0  0.0  0.0  0.0  0.0  0.0  0.0  0.0  0.0  0.0  0.0  0.0  0.0  0.1  0.3  0.4  0.5  0.7  0.8  0.9  1.0  1.1  1.2  1.3  1.4  1.5  1.6  1.7  1.7  1.8  1.9  2.0  2.0  2.1  2.1  2.2
 79 |  2.4  2.4  2.6  2.6  2.6  2.6  2.6  2.6  2.6  2.6  2.6  2.6  2.6  2.4  2.4  2.4  2.3  2.3  2.2  2.1  2.1  2.0  1.9  1.8  1.7  1.6  1.5  1.4  1.2  1.1  1.0  0.9  0.7  0.6  0.4  0.2  0.0  0.0  0.0  0.0  0.0  0.0  0.0  0.0  0.0  0.0  0.0  0.0  0.0  0.0  0.0  0.0  0.0  0.0  0.0  0.0  0.0  0.0  0.0  0.0  0.0  0.0  0.0  0.0  0.0  0.0  0.0  0.0  0.0  0.2  0.4  0.6  0.7  0.8  1.0  1.1  1.2  1.4  1.5  1.6  1.7  1.8  1.9  2.0  2.1  2.1  2.2  2.3  2.3  2.4
 77 |  2.7  2.7  2.7  2.8  2.8  2.8  2.8  2.8  2.8  2.8  2.8  2.8  2.7  2.7  2.7  2.6  2.6  2.4  2.4  2.3  2.2  2.1  2.0  1.9  1.8  1.7  1.5  1.4  1.3  1.1  1.0  0.8  0.6  0.5  0.2  0.0  0.0  0.0  0.0  0.0  0.0  0.0  0.0  0.0  0.0  0.0  0.0  0.0  0.0  0.0  0.0  0.0  0.0  0.0  0.0  0.0  0.0  0.0  0.0  0.0  0.0  0.0  0.0  0.0  0.0  0.0  0.0  0.0  0.0  0.0  0.2  0.4  0.6  0.8  1.0  1.1  1.3  1.4  1.5  1.7  1.8  1.9  2.0  2.1  2.2  2.3  2.4  2.4  2.6  2.6
 75 |  2.8  2.9  2.9  2.9  3.1  3.1  3.1  3.1  3.1  3.1  3.1  3.1  2.9  2.9  2.8  2.8  2.7  2.7  2.6  2.4  2.4  2.3  2.2  2.0  1.9  1.8  1.6  1.5  1.3  1.1  1.0  0.8  0.6  0.3  0.0  0.0  0.0  0.0  0.0  0.0  0.0  0.0  0.0  0.0  0.0  0.0  0.0  0.0  0.0  0.0  0.0  0.0  0.0  0.0  0.0  0.0  0.0  0.0  0.0  0.0  0.0  0.0  0.0  0.0  0.0  0.0  0.0  0.0  0.0  0.0  0.0  0.3  0.6  0.7  0.9  1.1  1.3  1.4  1.6  1.7  1.9  2.0  2.1  2.3  2.3  2.4  2.6  2.7  2.7  2.8
 73 |  3.1  3.1  3.2  3.2  3.3  3.3  3.3  3.3  3.3  3.3  3.3  3.2  3.2  3.2  3.1  2.9  2.9  2.8  2.7  2.7  2.6  2.4  2.3  2.1  2.0  1.8  1.7  1.5  1.3  1.2  0.9  0.7  0.5  0.2  0.0  0.0  0.0  0.0  0.0  0.0  0.0  0.0  0.0  0.0  0.0  0.0  0.0  0.0  0.0  0.0  0.0  0.0  0.0  0.0  0.0  0.0  0.0  0.0  0.0  0.0  0.0  0.0  0.0  0.0  0.0  0.0  0.0  0.0  0.0  0.0  0.0  0.2  0.5  0.7  0.9  1.1  1.3  1.5  1.6  1.8  2.0  2.1  2.3  2.4  2.6  2.6  2.7  2.8  2.9  2.9
 71 |  3.3  3.3  3.4  3.4  3.4  3.5  3.5  3.5  3.5  3.5  3.4  3.4  3.4  3.3  3.3  3.2  3.1  3.1  2.9  2.8  2.7  2.6  2.4  2.3  2.1  1.9  1.7  1.5  1.4  1.2  0.9  0.7  0.4  0.0  0.0  0.0  0.0  0.0  0.0  0.0  0.0  0.0  0.0  0.0  0.0  0.0  0.0  0.0  0.0  0.0  0.0  0.0  0.0  0.0  0.0  0.0  0.0  0.0  0.0  0.0  0.0  0.0  0.0  0.0  0.0  0.0  0.0  0.0  0.0  0.0  0.0  0.0  0.4  0.6  0.9  1.1  1.3  1.5  1.7  1.9  2.1  2.2  2.4  2.6  2.7  2.8  2.9  2.9  3.1  3.2
 69 |  3.4  3.5  3.5  3.6  3.6  3.6  3.8  3.8  3.8  3.6  3.6  3.6  3.5  3.5  3.4  3.4  3.3  3.2  3.1  2.9  2.8  2.7  2.6  2.3  2.2  2.0  1.8  1.6  1.4  1.2  0.9  0.6  0.3  0.0  0.0  0.0  0.0  0.0  0.0  0.0  0.0  0.0  0.0  0.0  0.0  0.0  0.0  0.0  0.0  0.0  0.0  0.0  0.0  0.0  0.0  0.0  0.0  0.0  0.0  0.0  0.0  0.0  0.0  0.0  0.0  0.0  0.0  0.0  0.0  0.0  0.0  0.0  0.3  0.6  0.9  1.1  1.4  1.6  1.8  2.0  2.2  2.3  2.4  2.7  2.8  2.9  3.1  3.2  3.3  3.3
 67 |  3.6  3.6  3.8  3.9  3.9  3.9  3.9  4.0  3.9  3.9  3.9  3.9  3.8  3.8  3.6  3.5  3.4  3.3  3.2  3.1  2.9  2.8  2.6  2.4  2.3  2.1  1.9  1.6  1.4  1.2  0.9  0.6  0.2  0.0  0.0  0.0  0.0  0.0  0.0  0.0  0.0  0.0  0.0  0.0  0.0  0.0  0.0  0.0  0.0  0.0  0.0  0.0  0.0  0.0  0.0  0.0  0.0  0.0  0.0  0.0  0.0  0.0  0.0  0.0  0.0  0.0  0.0  0.0  0.0  0.0  0.0  0.0  0.2  0.6  0.9  1.1  1.4  1.6  1.8  2.0  2.3  2.4  2.6  2.8  2.9  3.1  3.2  3.3  3.4  3.5
 65 |  3.8  3.9  4.0  4.0  4.1  4.1  4.1  4.1  4.1  4.1  4.1  4.0  4.0  3.9  3.8  3.8  3.6  3.5  3.3  3.2  3.1  2.9  2.7  2.6  2.3  2.1  1.9  1.7  1.4  1.2  0.9  0.5  0.1  0.0  0.0  0.0  0.0  0.0  0.0  0.0  0.0  0.0  0.0  0.0  0.0  0.0  0.0  0.0  0.0  0.0  0.0  0.0  0.0  0.0  0.0  0.0  0.0  0.0  0.0  0.0  0.0  0.0  0.0  0.0  0.0  0.0  0.0  0.0  0.0  0.0  0.0  0.0  0.0  0.5  0.8  1.1  1.4  1.6  1.9  2.1  2.3  2.6  2.7  2.8  3.1  3.2  3.3  3.4  3.6  3.6
 63 |  4.0  4.1  4.1  4.2  4.3  4.3  4.3  4.3  4.3  4.3  4.3  4.2  4.2  4.1  4.0  3.9  3.8  3.6  3.5  3.3  3.2  3.1  2.8  2.6  2.4  2.2  2.0  1.7  1.4  1.2  0.8  0.5  0.0  0.0  0.0  0.0  0.0  0.0  0.0  0.0  0.0  0.0  0.0  0.0  0.0  0.0  0.0  0.0  0.0  0.0  0.0  0.0  0.0  0.0  0.0  0.0  0.0  0.0  0.0  0.0  0.0  0.0  0.0  0.0  0.0  0.0  0.0  0.0  0.0  0.0  0.0  0.0  0.0  0.4  0.8  1.1  1.4  1.7  1.9  2.2  2.4  2.6  2.8  2.9  3.2  3.3  3.5  3.6  3.8  3.9
 61 |  4.1  4.2  4.3  4.4  4.4  4.5  4.5  4.5  4.5  4.5  4.4  4.4  4.3  4.2  4.2  4.1  3.9  3.8  3.6  3.5  3.3  3.1  2.9  2.7  2.4  2.3  2.0  1.7  1.5  1.2  0.8  0.4  0.0  0.0  0.0  0.0  0.0  0.0  0.0  0.0  0.0  0.0  0.0  0.0  0.0  0.0  0.0  0.0  0.0  0.0  0.0  0.0  0.0  0.0  0.0  0.0  0.0  0.0  0.0  0.0  0.0  0.0  0.0  0.0  0.0  0.0  0.0  0.0  0.0  0.0  0.0  0.0  0.0  0.4  0.8  1.1  1.4  1.7  2.0  2.3  2.4  2.7  2.9  3.1  3.3  3.4  3.6  3.8  3.9  4.0
 59 |  4.3  4.4  4.5  4.5  4.6  4.6  4.7  4.7  4.7  4.6  4.6  4.5  4.5  4.4  4.3  4.2  4.1  4.0  3.8  3.6  3.4  3.2  3.1  2.8  2.6  2.3  2.1  1.8  1.5  1.2  0.8  0.4  0.0  0.0  0.0  0.0  0.0  0.0  0.0  0.0  0.0  0.0  0.0  0.0  0.0  0.0  0.0  0.0  0.0  0.0  0.0  0.0  0.0  0.0  0.0  0.0  0.0  0.0  0.0  0.0  0.0  0.0  0.0  0.0  0.0  0.0  0.0  0.0  0.0  0.0  0.0  0.0  0.0  0.3  0.7  1.1  1.4  1.7  2.0  2.3  2.6  2.8  2.9  3.2  3.4  3.5  3.8  3.9  4.1  4.2
 57 |  4.4  4.5  4.6  4.7  4.8  4.8  4.8  4.8  4.8  4.8  4.8  4.7  4.6  4.6  4.5  4.3  4.2  4.1  3.9  3.8  3.5  3.3  3.1  2.8  2.7  2.4  2.1  1.8  1.5  1.2  0.8  0.3  0.0  0.0  0.0  0.0  0.0  0.0  0.0  0.0  0.0  0.0  0.0  0.0  0.0  0.0  0.0  0.0  0.0  0.0  0.0  0.0  0.0  0.0  0.0  0.0  0.0  0.0  0.0  0.0  0.0  0.0  0.0  0.0  0.0  0.0  0.0  0.0  0.0  0.0  0.0  0.0  0.0  0.2  0.7  1.1  1.4  1.8  2.1  2.3  2.6  2.8  3.1  3.3  3.5  3.6  3.9  4.1  4.2  4.3
 55 |  4.6  4.7  4.8  4.9  4.9  5.0  5.0  5.0  5.0  5.0  4.9  4.9  4.8  4.7  4.6  4.5  4.3  4.2  4.0  3.9  3.6  3.4  3.2  2.9  2.7  2.4  2.1  1.8  1.5  1.1  0.7  0.2  0.0  0.0  0.0  0.0  0.0  0.0  0.0  0.0  0.0  0.0  0.0  0.0  0.0  0.0  0.0  0.0  0.0  0.0  0.0  0.0  0.0  0.0  0.0  0.0  0.0  0.0  0.0  0.0  0.0  0.0  0.0  0.0  0.0  0.0  0.0  0.0  0.0  0.0  0.0  0.0  0.0  0.1  0.7  1.1  1.5  1.8  2.1  2.4  2.7  2.9  3.2  3.4  3.6  3.9  4.0  4.2  4.3  4.5
 53 |  4.7  4.8  4.9  5.0  5.1  5.1  5.2  5.2  5.2  5.1  5.1  5.0  5.0  4.9  4.7  4.6  4.5  4.3  4.2  4.0  3.8  3.5  3.3  3.1  2.8  2.4  2.2  1.9  1.5  1.1  0.7  0.1  0.0  0.0  0.0  0.0  0.0  0.0  0.0  0.0  0.0  0.0  0.0  0.0  0.0  0.0  0.0  0.0  0.0  0.0  0.0  0.0  0.0  0.0  0.0  0.0  0.0  0.0  0.0  0.0  0.0  0.0  0.0  0.0  0.0  0.0  0.0  0.0  0.0  0.0  0.0  0.0  0.0  0.0  0.6  1.1  1.5  1.8  2.1  2.4  2.7  2.9  3.3  3.5  3.8  4.0  4.1  4.3  4.5  4.6
 51 |  4.9  5.0  5.1  5.2  5.2  5.2  5.2  5.2  5.2  5.2  5.2  5.2  5.1  5.0  4.9  4.7  4.6  4.4  4.3  4.1  3.9  3.6  3.4  3.1  2.8  2.6  2.2  1.9  1.5  1.1  0.7  0.0  0.0  0.0  0.0  0.0  0.0  0.0  0.0  0.0  0.0  0.0  0.0  0.0  0.0  0.0  0.0  0.0  0.0  0.0  0.0  0.0  0.0  0.0  0.0  0.0  0.0  0.0  0.0  0.0  0.0  0.0  0.0  0.0  0.0  0.0  0.0  0.0  0.0  0.0  0.0  0.0  0.0  0.0  0.6  1.1  1.5  1.8  2.2  2.4  2.8  3.1  3.3  3.5  3.9  4.1  4.2  4.4  4.6  4.7
 49 |  5.0  5.1  5.2  5.2  5.3  5.3  5.4  5.4  5.4  5.3  5.3  5.2  5.2  5.1  5.0  4.9  4.7  4.6  4.4  4.2  4.0  3.6  3.4  3.2  2.9  2.6  2.3  1.9  1.5  1.1  0.6  0.0  0.0  0.0  0.0  0.0  0.0  0.0  0.0  0.0  0.0  0.0  0.0  0.0  0.0  0.0  0.0  0.0  0.0  0.0  0.0  0.0  0.0  0.0  0.0  0.0  0.0  0.0  0.0  0.0  0.0  0.0  0.0  0.0  0.0  0.0  0.0  0.0  0.0  0.0  0.0  0.0  0.0  0.0  0.6  1.1  1.5  1.9  2.2  2.6  2.8  3.2  3.4  3.6  3.9  4.1  4.3  4.5  4.7  4.9
 47 |  5.1  5.2  5.3  5.4  5.4  5.5  5.5  5.5  5.5  5.5  5.4  5.4  5.3  5.2  5.1  5.0  4.8  4.7  4.5  4.3  4.0  3.8  3.5  3.2  2.9  2.6  2.3  1.9  1.5  1.1  0.6  0.0  0.0  0.0  0.0  0.0  0.0  0.0  0.0  0.0  0.0  0.0  0.0  0.0  0.0  0.0  0.0  0.0  0.0  0.0  0.0  0.0  0.0  0.0  0.0  0.0  0.0  0.0  0.0  0.0  0.0  0.0  0.0  0.0  0.0  0.0  0.0  0.0  0.0  0.0  0.0  0.0  0.0  0.0  0.6  1.0  1.5  1.9  2.3  2.6  2.9  3.2  3.5  3.8  4.0  4.2  4.4  4.6  4.8  5.0
 45 |  5.2  5.3  5.4  5.5  5.6  5.6  5.7  5.7  5.7  5.6  5.6  5.5  5.4  5.3  5.2  5.1  5.0  4.8  4.6  4.4  4.1  3.9  3.5  3.3  2.9  2.7  2.3  1.9  1.5  1.1  0.6  0.0  0.0  0.0  0.0  0.0  0.0  0.0  0.0  0.0  0.0  0.0  0.0  0.0  0.0  0.0  0.0  0.0  0.0  0.0  0.0  0.0  0.0  0.0  0.0  0.0  0.0  0.0  0.0  0.0  0.0  0.0  0.0  0.0  0.0  0.0  0.0  0.0  0.0  0.0  0.0  0.0  0.0  0.0  0.5  1.0  1.5  1.9  2.3  2.6  2.9  3.3  3.5  3.9  4.1  4.3  4.5  4.7  4.9  5.1
 43 |  5.3  5.4  5.5  5.6  5.7  5.8  5.8  5.8  5.8  5.8  5.7  5.6  5.5  5.4  5.3  5.2  5.1  4.9  4.7  4.4  4.2  4.0  3.6  3.3  3.1  2.7  2.3  2.0  1.5  1.1  0.6  0.0  0.0  0.0  0.0  0.0  0.0  0.0  0.0  0.0  0.0  0.0  0.0  0.0  0.0  0.0  0.0  0.0  0.0  0.0  0.0  0.0  0.0  0.0  0.0  0.0  0.0  0.0  0.0  0.0  0.0  0.0  0.0  0.0  0.0  0.0  0.0  0.0  0.0  0.0  0.0  0.0  0.0  0.0  0.5  1.0  1.5  1.9  2.3  2.7  2.9  3.3  3.6  3.9  4.2  4.4  4.6  4.8  5.0  5.2
 41 |  5.4  5.5  5.7  5.8  5.8  5.9  5.9  6.0  5.9  5.9  5.9  5.8  5.7  5.6  5.4  5.2  5.2  5.0  4.7  4.5  4.3  4.0  3.8  3.4  3.1  2.7  2.4  2.0  1.5  1.1  0.5  0.0  0.0  0.0  0.0  0.0  0.0  0.0  0.0  0.0  0.0  0.0  0.0  0.0  0.0  0.0  0.0  0.0  0.0  0.0  0.0  0.0  0.0  0.0  0.0  0.0  0.0  0.0  0.0  0.0  0.0  0.0  0.0  0.0  0.0  0.0  0.0  0.0  0.0  0.0  0.0  0.0  0.0  0.0  0.4  1.0  1.5  1.9  2.3  2.7  3.1  3.4  3.6  4.0  4.2  4.5  4.7  4.9  5.1  5.2
 39 |  5.5  5.6  5.8  5.9  6.0  6.0  6.0  6.0  6.0  6.0  6.0  5.9  5.8  5.7  5.5  5.4  5.2  5.1  4.8  4.6  4.3  4.1  3.8  3.4  3.2  2.8  2.4  2.0  1.5  1.1  0.5  0.0  0.0  0.0  0.0  0.0  0.0  0.0  0.0  0.0  0.0  0.0  0.0  0.0  0.0  0.0  0.0  0.0  0.0  0.0  0.0  0.0  0.0  0.0  0.0  0.0  0.0  0.0  0.0  0.0  0.0  0.0  0.0  0.0  0.0  0.0  0.0  0.0  0.0  0.0  0.0  0.0  0.0  0.0  0.4  1.0  1.5  1.9  2.3  2.7  3.1  3.4  3.8  4.1  4.3  4.6  4.8  5.0  5.2  5.3
 37 |  5.6  5.8  5.9  6.0  6.0  6.1  6.1  6.1  6.1  6.1  6.0  6.0  5.9  5.8  5.6  5.5  5.3  5.1  4.9  4.7  4.4  4.1  3.9  3.5  3.2  2.8  2.4  2.0  1.6  1.0  0.4  0.0  0.0  0.0  0.0  0.0  0.0  0.0  0.0  0.0  0.0  0.0  0.0  0.0  0.0  0.0  0.0  0.0  0.0  0.0  0.0  0.0  0.0  0.0  0.0  0.0  0.0  0.0  0.0  0.0  0.0  0.0  0.0  0.0  0.0  0.0  0.0  0.0  0.0  0.0  0.0  0.0  0.0  0.0  0.3  1.0  1.5  2.0  2.4  2.8  3.1  3.4  3.8  4.1  4.4  4.6  4.9  5.1  5.2  5.4
 35 |  5.7  5.9  6.0  6.0  6.1  6.2  6.2  6.2  6.2  6.2  6.1  6.0  6.0  5.9  5.7  5.5  5.3  5.2  5.0  4.7  4.5  4.2  3.9  3.5  3.2  2.8  2.4  2.0  1.5  1.0  0.4  0.0  0.0  0.0  0.0  0.0  0.0  0.0  0.0  0.0  0.0  0.0  0.0  0.0  0.0  0.0  0.0  0.0  0.0  0.0  0.0  0.0  0.0  0.0  0.0  0.0  0.0  0.0  0.0  0.0  0.0  0.0  0.0  0.0  0.0  0.0  0.0  0.0  0.0  0.0  0.0  0.0  0.0  0.0  0.3  1.0  1.5  2.0  2.4  2.8  3.2  3.5  3.9  4.2  4.4  4.7  5.0  5.2  5.3  5.5
 33 |  5.8  6.0  6.0  6.1  6.2  6.3  6.3  6.3  6.3  6.3  6.2  6.1  6.0  6.0  5.8  5.6  5.4  5.2  5.1  4.8  4.5  4.3  4.0  3.6  3.2  2.8  2.4  2.0  1.5  1.0  0.4  0.0  0.0  0.0  0.0  0.0  0.0  0.0  0.0  0.0  0.0  0.0  0.0  0.0  0.0  0.0  0.0  0.0  0.0  0.0  0.0  0.0  0.0  0.0  0.0  0.0  0.0  0.0  0.0  0.0  0.0  0.0  0.0  0.0  0.0  0.0  0.0  0.0  0.0  0.0  0.0  0.0  0.0  0.0  0.2  0.9  1.5  2.0  2.4  2.8  3.2  3.5  3.9  4.2  4.5  4.8  5.0  5.2  5.4  5.6
 31 |  5.9  6.0  6.1  6.2  6.3  6.4  6.4  6.4  6.4  6.4  6.3  6.2  6.1  6.0  5.9  5.7  5.5  5.3  5.1  4.9  4.6  4.3  4.0  3.6  3.3  2.9  2.4  2.0  1.5  1.0  0.3  0.0  0.0  0.0  0.0  0.0  0.0  0.0  0.0  0.0  0.0  0.0  0.0  0.0  0.0  0.0  0.0  0.0  0.0  0.0  0.0  0.0  0.0  0.0  0.0  0.0  0.0  0.0  0.0  0.0  0.0  0.0  0.0  0.0  0.0  0.0  0.0  0.0  0.0  0.0  0.0  0.0  0.0  0.0  0.2  0.9  1.5  2.0  2.4  2.8  3.2  3.5  4.0  4.3  4.6  4.8  5.1  5.3  5.5  5.7
 29 |  6.0  6.0  6.2  6.3  6.4  6.5  6.5  6.5  6.5  6.5  6.4  6.3  6.2  6.1  6.0  5.8  5.6  5.3  5.2  4.9  4.6  4.3  4.0  3.6  3.3  2.9  2.4  2.0  1.5  1.0  0.3  0.0  0.0  0.0  0.0  0.0  0.0  0.0  0.0  0.0  0.0  0.0  0.0  0.0  0.0  0.0  0.0  0.0  0.0  0.0  0.0  0.0  0.0  0.0  0.0  0.0  0.0  0.0  0.0  0.0  0.0  0.0  0.0  0.0  0.0  0.0  0.0  0.0  0.0  0.0  0.0  0.0  0.0  0.0  0.1  0.9  1.5  2.0  2.4  2.8  3.3  3.6  4.0  4.3  4.6  4.9  5.2  5.3  5.6  5.8
 27 |  6.0  6.1  6.3  6.4  6.5  6.5  6.5  6.5  6.5  6.5  6.5  6.4  6.3  6.1  6.0  5.9  5.6  5.4  5.2  5.0  4.7  4.4  4.1  3.6  3.3  2.9  2.6  2.0  1.5  1.0  0.2  0.0  0.0  0.0  0.0  0.0  0.0  0.0  0.0  0.0  0.0  0.0  0.0  0.0  0.0  0.0  0.0  0.0  0.0  0.0  0.0  0.0  0.0  0.0  0.0  0.0  0.0  0.0  0.0  0.0  0.0  0.0  0.0  0.0  0.0  0.0  0.0  0.0  0.0  0.0  0.0  0.0  0.0  0.0  0.1  0.9  1.5  2.0  2.4  2.8  3.3  3.6  4.0  4.3  4.7  4.9  5.2  5.4  5.6  5.8
 25 |  6.0  6.2  6.3  6.5  6.5  6.5  6.6  6.6  6.6  6.5  6.5  6.5  6.4  6.2  6.0  5.9  5.7  5.5  5.2  5.0  4.7  4.4  4.1  3.8  3.3  2.9  2.6  2.0  1.5  0.9  0.2  0.0  0.0  0.0  0.0  0.0  0.0  0.0  0.0  0.0  0.0  0.0  0.0  0.0  0.0  0.0  0.0  0.0  0.0  0.0  0.0  0.0  0.0  0.0  0.0  0.0  0.0  0.0  0.0  0.0  0.0  0.0  0.0  0.0  0.0  0.0  0.0  0.0  0.0  0.0  0.0  0.0  0.0  0.0  0.0  0.9  1.5  2.0  2.4  2.9  3.3  3.6  4.1  4.4  4.7  5.0  5.2  5.4  5.7  5.9
 23 |  6.1  6.3  6.4  6.5  6.5  6.6  6.7  6.7  6.7  6.6  6.6  6.5  6.4  6.3  6.1  6.0  5.8  5.5  5.3  5.1  4.8  4.5  4.1  3.8  3.4  2.9  2.6  2.0  1.5  0.9  0.1  0.0  0.0  0.0  0.0  0.0  0.0  0.0  0.0  0.0  0.0  0.0  0.0  0.0  0.0  0.0  0.0  0.0  0.0  0.0  0.0  0.0  0.0  0.0  0.0  0.0  0.0  0.0  0.0  0.0  0.0  0.0  0.0  0.0  0.0  0.0  0.0  0.0  0.0  0.0  0.0  0.0  0.0  0.0  0.0  0.9  1.4  2.0  2.4  2.9  3.3  3.6  4.1  4.4  4.7  5.0  5.2  5.5  5.7  6.0
 21 |  6.1  6.3  6.5  6.5  6.6  6.7  6.7  6.7  6.7  6.7  6.6  6.5  6.5  6.3  6.2  6.0  5.8  5.6  5.3  5.1  4.8  4.5  4.2  3.8  3.4  2.9  2.6  2.0  1.5  0.9  0.0  0.0  0.0  0.0  0.0  0.0  0.0  0.0  0.0  0.0  0.0  0.0  0.0  0.0  0.0  0.0  0.0  0.0  0.0  0.0  0.0  0.0  0.0  0.0  0.0  0.0  0.0  0.0  0.0  0.0  0.0  0.0  0.0  0.0  0.0  0.0  0.0  0.0  0.0  0.0  0.0  0.0  0.0  0.0  0.0  0.8  1.4  2.0  2.4  2.9  3.3  3.8  4.1  4.4  4.8  5.1  5.3  5.5  5.8  6.0
 19 |  6.2  6.4  6.5  6.6  6.7  6.7  6.8  6.8  6.8  6.7  6.7  6.6  6.5  6.4  6.2  6.0  5.9  5.6  5.3  5.1  4.8  4.5  4.2  3.8  3.4  2.9  2.6  2.0  1.5  0.9  0.0  0.0  0.0  0.0  0.0  0.0  0.0  0.0  0.0  0.0  0.0  0.0  0.0  0.0  0.0  0.0  0.0  0.0  0.0  0.0  0.0  0.0  0.0  0.0  0.0  0.0  0.0  0.0  0.0  0.0  0.0  0.0  0.0  0.0  0.0  0.0  0.0  0.0  0.0  0.0  0.0  0.0  0.0  0.0  0.0  0.8  1.4  2.0  2.4  2.9  3.3  3.8  4.1  4.5  4.8  5.1  5.3  5.6  5.8  6.0
 17 |  6.2  6.4  6.5  6.6  6.7  6.8  6.8  6.9  6.8  6.8  6.7  6.6  6.5  6.4  6.2  6.0  5.9  5.6  5.4  5.2  4.9  4.5  4.2  3.8  3.4  2.9  2.6  2.0  1.5  0.9  0.0  0.0  0.0  0.0  0.0  0.0  0.0  0.0  0.0  0.0  0.0  0.0  0.0  0.0  0.0  0.0  0.0  0.0  0.0  0.0  0.0  0.0  0.0  0.0  0.0  0.0  0.0  0.0  0.0  0.0  0.0  0.0  0.0  0.0  0.0  0.0  0.0  0.0  0.0  0.0  0.0  0.0  0.0  0.0  0.0  0.8  1.4  2.0  2.4  2.9  3.3  3.8  4.1  4.5  4.8  5.1  5.3  5.6  5.9  6.0
 15 |  6.3  6.4  6.5  6.6  6.8  6.8  6.9  6.9  6.9  6.8  6.8  6.7  6.5  6.5  6.3  6.1  5.9  5.7  5.4  5.2  4.9  4.5  4.2  3.8  3.4  2.9  2.6  2.0  1.5  0.8  0.0  0.0  0.0  0.0  0.0  0.0  0.0  0.0  0.0  0.0  0.0  0.0  0.0  0.0  0.0  0.0  0.0  0.0  0.0  0.0  0.0  0.0  0.0  0.0  0.0  0.0  0.0  0.0  0.0  0.0  0.0  0.0  0.0  0.0  0.0  0.0  0.0  0.0  0.0  0.0  0.0  0.0  0.0  0.0  0.0  0.7  1.4  2.0  2.4  2.9  3.3  3.8  4.2  4.5  4.8  5.2  5.4  5.6  5.9  6.0
 13 |  6.3  6.5  6.5  6.7  6.8  6.9  6.9  6.9  6.9  6.9  6.8  6.7  6.6  6.5  6.3  6.1  6.0  5.7  5.4  5.2  4.9  4.6  4.2  3.9  3.4  2.9  2.6  2.0  1.5  0.8  0.0  0.0  0.0  0.0  0.0  0.0  0.0  0.0  0.0  0.0  0.0  0.0  0.0  0.0  0.0  0.0  0.0  0.0  0.0  0.0  0.0  0.0  0.0  0.0  0.0  0.0  0.0  0.0  0.0  0.0  0.0  0.0  0.0  0.0  0.0  0.0  0.0  0.0  0.0  0.0  0.0  0.0  0.0  0.0  0.0  0.7  1.4  1.9  2.4  2.9  3.3  3.8  4.2  4.5  4.8  5.2  5.4  5.7  5.9  6.1
 11 |  6.3  6.5  6.6  6.7  6.8  6.9  6.9  7.0  7.0  6.9  6.8  6.7  6.6  6.5  6.3  6.1  6.0  5.7  5.4  5.2  4.9  4.6  4.2  3.9  3.4  2.9  2.6  2.0  1.4  0.8  0.0  0.0  0.0  0.0  0.0  0.0  0.0  0.0  0.0  0.0  0.0  0.0  0.0  0.0  0.0  0.0  0.0  0.0  0.0  0.0  0.0  0.0  0.0  0.0  0.0  0.0  0.0  0.0  0.0  0.0  0.0  0.0  0.0  0.0  0.0  0.0  0.0  0.0  0.0  0.0  0.0  0.0  0.0  0.0  0.0  0.7  1.4  1.9  2.4  2.9  3.3  3.8  4.2  4.5  4.9  5.2  5.4  5.7  5.9  6.1
  9 |  6.3  6.5  6.6  6.7  6.8  6.9  7.0  7.0  7.0  6.9  6.9  6.7  6.6  6.5  6.4  6.1  6.0  5.7  5.4  5.2  4.9  4.6  4.2  3.9  3.4  2.9  2.4  2.0  1.4  0.8  0.0  0.0  0.0  0.0  0.0  0.0  0.0  0.0  0.0  0.0  0.0  0.0  0.0  0.0  0.0  0.0  0.0  0.0  0.0  0.0  0.0  0.0  0.0  0.0  0.0  0.0  0.0  0.0  0.0  0.0  0.0  0.0  0.0  0.0  0.0  0.0  0.0  0.0  0.0  0.0  0.0  0.0  0.0  0.0  0.0  0.7  1.3  1.9  2.4  2.9  3.3  3.8  4.2  4.5  4.9  5.2  5.4  5.7  6.0  6.1
  7 |  6.3  6.5  6.6  6.7  6.9  6.9  7.0  7.0  7.0  6.9  6.9  6.8  6.6  6.5  6.4  6.1  6.0  5.7  5.4  5.2  4.9  4.6  4.2  3.8  3.4  2.9  2.4  2.0  1.4  0.7  0.0  0.0  0.0  0.0  0.0  0.0  0.0  0.0  0.0  0.0  0.0  0.0  0.0  0.0  0.0  0.0  0.0  0.0  0.0  0.0  0.0  0.0  0.0  0.0  0.0  0.0  0.0  0.0  0.0  0.0  0.0  0.0  0.0  0.0  0.0  0.0  0.0  0.0  0.0  0.0  0.0  0.0  0.0  0.0  0.0  0.6  1.3  1.9  2.4  2.9  3.3  3.8  4.2  4.5  4.9  5.2  5.4  5.7  6.0  6.1
  5 |  6.3  6.5  6.6  6.7  6.9  6.9  7.0  7.0  7.0  6.9  6.9  6.8  6.6  6.5  6.4  6.1  6.0  5.7  5.4  5.2  4.9  4.6  4.2  3.8  3.4  2.9  2.4  1.9  1.4  0.7  0.0  0.0  0.0  0.0  0.0  0.0  0.0  0.0  0.0  0.0  0.0  0.0  0.0  0.0  0.0  0.0  0.0  0.0  0.0  0.0  0.0  0.0  0.0  0.0  0.0  0.0  0.0  0.0  0.0  0.0  0.0  0.0  0.0  0.0  0.0  0.0  0.0  0.0  0.0  0.0  0.0  0.0  0.0  0.0  0.0  0.6  1.3  1.9  2.4  2.9  3.3  3.8  4.2  4.5  4.9  5.2  5.4  5.7  6.0  6.1
  3 |  6.3  6.5  6.6  6.7  6.9  6.9  7.0  7.0  7.0  6.9  6.9  6.8  6.6  6.5  6.4  6.1  6.0  5.7  5.4  5.2  4.9  4.6  4.2  3.8  3.4  2.9  2.4  1.9  1.4  0.7  0.0  0.0  0.0  0.0  0.0  0.0  0.0  0.0  0.0  0.0  0.0  0.0  0.0  0.0  0.0  0.0  0.0  0.0  0.0  0.0  0.0  0.0  0.0  0.0  0.0  0.0  0.0  0.0  0.0  0.0  0.0  0.0  0.0  0.0  0.0  0.0  0.0  0.0  0.0  0.0  0.0  0.0  0.0  0.0  0.0  0.6  1.3  1.9  2.4  2.8  3.3  3.8  4.2  4.5  4.9  5.2  5.4  5.7  6.0  6.1
  1 |  6.3  6.5  6.6  6.7  6.8  6.9  7.0  7.0  7.0  6.9  6.9  6.7  6.6  6.5  6.3  6.1  6.0  5.7  5.4  5.2  4.9  4.5  4.2  3.8  3.3  2.9  2.4  1.9  1.3  0.6  0.0  0.0  0.0  0.0  0.0  0.0  0.0  0.0  0.0  0.0  0.0  0.0  0.0  0.0  0.0  0.0  0.0  0.0  0.0  0.0  0.0  0.0  0.0  0.0  0.0  0.0  0.0  0.0  0.0  0.0  0.0  0.0  0.0  0.0  0.0  0.0  0.0  0.0  0.0  0.0  0.0  0.0  0.0  0.0  0.0  0.5  1.2  1.8  2.4  2.8  3.3  3.8  4.1  4.5  4.8  5.2  5.4  5.7  5.9  6.1
 -1 |  6.3  6.5  6.6  6.7  6.8  6.9  7.0  7.0  7.0  6.9  6.8  6.7  6.6  6.5  6.3  6.1  6.0  5.7  5.4  5.2  4.9  4.5  4.2  3.8  3.3  2.9  2.4  1.9  1.3  0.6  0.0  0.0  0.0  0.0  0.0  0.0  0.0  0.0  0.0  0.0  0.0  0.0  0.0  0.0  0.0  0.0  0.0  0.0  0.0  0.0  0.0  0.0  0.0  0.0  0.0  0.0  0.0  0.0  0.0  0.0  0.0  0.0  0.0  0.0  0.0  0.0  0.0  0.0  0.0  0.0  0.0  0.0  0.0  0.0  0.0  0.5  1.2  1.8  2.3  2.8  3.3  3.8  4.1  4.5  4.8  5.2  5.4  5.7  5.9  6.1
 -3 |  6.3  6.5  6.5  6.7  6.8  6.9  6.9  6.9  6.9  6.9  6.8  6.7  6.6  6.5  6.3  6.1  5.9  5.7  5.4  5.2  4.8  4.5  4.1  3.8  3.3  2.8  2.4  1.9  1.3  0.6  0.0  0.0  0.0  0.0  0.0  0.0  0.0  0.0  0.0  0.0  0.0  0.0  0.0  0.0  0.0  0.0  0.0  0.0  0.0  0.0  0.0  0.0  0.0  0.0  0.0  0.0  0.0  0.0  0.0  0.0  0.0  0.0  0.0  0.0  0.0  0.0  0.0  0.0  0.0  0.0  0.0  0.0  0.0  0.0  0.0  0.5  1.2  1.8  2.3  2.8  3.3  3.6  4.1  4.5  4.8  5.1  5.3  5.6  5.9  6.1
 -5 |  6.2  6.4  6.5  6.7  6.8  6.8  6.9  6.9  6.9  6.9  6.8  6.7  6.5  6.5  6.3  6.1  5.9  5.6  5.3  5.1  4.8  4.5  4.1  3.8  3.3  2.8  2.4  1.8  1.2  0.5  0.0  0.0  0.0  0.0  0.0  0.0  0.0  0.0  0.0  0.0  0.0  0.0  0.0  0.0  0.0  0.0  0.0  0.0  0.0  0.0  0.0  0.0  0.0  0.0  0.0  0.0  0.0  0.0  0.0  0.0  0.0  0.0  0.0  0.0  0.0  0.0  0.0  0.0  0.0  0.0  0.0  0.0  0.0  0.0  0.0  0.4  1.2  1.8  2.3  2.8  3.2  3.6  4.1  4.4  4.8  5.1  5.3  5.6  5.9  6.0
 -7 |  6.2  6.4  6.5  6.6  6.7  6.8  6.9  6.9  6.9  6.8  6.7  6.6  6.5  6.4  6.2  6.0  5.9  5.6  5.3  5.1  4.8  4.4  4.1  3.6  3.3  2.8  2.3  1.8  1.2  0.5  0.0  0.0  0.0  0.0  0.0  0.0  0.0  0.0  0.0  0.0  0.0  0.0  0.0  0.0  0.0  0.0  0.0  0.0  0.0  0.0  0.0  0.0  0.0  0.0  0.0  0.0  0.0  0.0  0.0  0.0  0.0  0.0  0.0  0.0  0.0  0.0  0.0  0.0  0.0  0.0  0.0  0.0  0.0  0.0  0.0  0.4  1.1  1.7  2.3  2.8  3.2  3.6  4.0  4.4  4.7  5.1  5.3  5.6  5.8  6.0
 -9 |  6.2  6.4  6.5  6.6  6.7  6.8  6.8  6.8  6.8  6.8  6.7  6.6  6.5  6.4  6.2  6.0  5.8  5.6  5.3  5.1  4.7  4.4  4.1  3.6  3.2  2.8  2.3  1.8  1.2  0.4  0.0  0.0  0.0  0.0  0.0  0.0  0.0  0.0  0.0  0.0  0.0  0.0  0.0  0.0  0.0  0.0  0.0  0.0  0.0  0.0  0.0  0.0  0.0  0.0  0.0  0.0  0.0  0.0  0.0  0.0  0.0  0.0  0.0  0.0  0.0  0.0  0.0  0.0  0.0  0.0  0.0  0.0  0.0  0.0  0.0  0.3  1.1  1.7  2.3  2.7  3.2  3.6  4.0  4.4  4.7  5.0  5.2  5.5  5.8  6.0
-11 |  6.1  6.3  6.5  6.5  6.6  6.7  6.7  6.8  6.7  6.7  6.6  6.5  6.5  6.3  6.1  6.0  5.8  5.5  5.2  5.0  4.7  4.4  4.0  3.6  3.2  2.7  2.3  1.7  1.2  0.4  0.0  0.0  0.0  0.0  0.0  0.0  0.0  0.0  0.0  0.0  0.0  0.0  0.0  0.0  0.0  0.0  0.0  0.0  0.0  0.0  0.0  0.0  0.0  0.0  0.0  0.0  0.0  0.0  0.0  0.0  0.0  0.0  0.0  0.0  0.0  0.0  0.0  0.0  0.0  0.0  0.0  0.0  0.0  0.0  0.0  0.3  1.1  1.7  2.2  2.7  3.2  3.5  4.0  4.3  4.7  5.0  5.2  5.5  5.7  6.0
-13 |  6.1  6.2  6.4  6.5  6.6  6.6  6.7  6.7  6.7  6.6  6.6  6.5  6.4  6.3  6.1  6.0  5.7  5.5  5.2  5.0  4.7  4.3  4.0  3.5  3.2  2.7  2.3  1.7  1.1  0.4  0.0  0.0  0.0  0.0  0.0  0.0  0.0  0.0  0.0  0.0  0.0  0.0  0.0  0.0  0.0  0.0  0.0  0.0  0.0  0.0  0.0  0.0  0.0  0.0  0.0  0.0  0.0  0.0  0.0  0.0  0.0  0.0  0.0  0.0  0.0  0.0  0.0  0.0  0.0  0.0  0.0  0.0  0.0  0.0  0.0  0.2  1.0  1.6  2.2  2.7  3.1  3.5  3.9  4.3  4.6  4.9  5.2  5.4  5.7  5.9
-15 |  6.0  6.2  6.3  6.5  6.5  6.6  6.6  6.6  6.6  6.6  6.5  6.5  6.4  6.2  6.0  5.9  5.7  5.4  5.2  4.9  4.6  4.3  3.9  3.5  3.1  2.7  2.2  1.7  1.1  0.3  0.0  0.0  0.0  0.0  0.0  0.0  0.0  0.0  0.0  0.0  0.0  0.0  0.0  0.0  0.0  0.0  0.0  0.0  0.0  0.0  0.0  0.0  0.0  0.0  0.0  0.0  0.0  0.0  0.0  0.0  0.0  0.0  0.0  0.0  0.0  0.0  0.0  0.0  0.0  0.0  0.0  0.0  0.0  0.0  0.0  0.2  1.0  1.6  2.1  2.6  3.1  3.5  3.9  4.2  4.6  4.9  5.2  5.4  5.6  5.9
-17 |  6.0  6.1  6.3  6.4  6.5  6.5  6.5  6.5  6.5  6.5  6.5  6.4  6.3  6.1  6.0  5.8  5.6  5.3  5.2  4.9  4.6  4.2  3.9  3.5  3.1  2.7  2.2  1.6  1.0  0.3  0.0  0.0  0.0  0.0  0.0  0.0  0.0  0.0  0.0  0.0  0.0  0.0  0.0  0.0  0.0  0.0  0.0  0.0  0.0  0.0  0.0  0.0  0.0  0.0  0.0  0.0  0.0  0.0  0.0  0.0  0.0  0.0  0.0  0.0  0.0  0.0  0.0  0.0  0.0  0.0  0.0  0.0  0.0  0.0  0.0  0.1  1.0  1.6  2.1  2.6  3.1  3.4  3.9  4.2  4.5  4.8  5.1  5.3  5.6  5.8
-19 |  5.9  6.0  6.2  6.3  6.4  6.5  6.5  6.5  6.5  6.5  6.4  6.3  6.2  6.0  6.0  5.8  5.5  5.3  5.1  4.8  4.5  4.2  3.9  3.4  3.1  2.6  2.1  1.6  1.0  0.2  0.0  0.0  0.0  0.0  0.0  0.0  0.0  0.0  0.0  0.0  0.0  0.0  0.0  0.0  0.0  0.0  0.0  0.0  0.0  0.0  0.0  0.0  0.0  0.0  0.0  0.0  0.0  0.0  0.0  0.0  0.0  0.0  0.0  0.0  0.0  0.0  0.0  0.0  0.0  0.0  0.0  0.0  0.0  0.0  0.0  0.1  0.9  1.5  2.1  2.6  2.9  3.4  3.8  4.1  4.5  4.8  5.1  5.2  5.5  5.7
-21 |  5.9  6.0  6.1  6.2  6.3  6.4  6.4  6.5  6.4  6.4  6.3  6.2  6.1  6.0  5.9  5.7  5.4  5.2  5.0  4.7  4.4  4.1  3.8  3.4  2.9  2.6  2.1  1.6  1.0  0.2  0.0  0.0  0.0  0.0  0.0  0.0  0.0  0.0  0.0  0.0  0.0  0.0  0.0  0.0  0.0  0.0  0.0  0.0  0.0  0.0  0.0  0.0  0.0  0.0  0.0  0.0  0.0  0.0  0.0  0.0  0.0  0.0  0.0  0.0  0.0  0.0  0.0  0.0  0.0  0.0  0.0  0.0  0.0  0.0  0.0  0.0  0.9  1.5  2.0  2.4  2.9  3.3  3.8  4.1  4.4  4.7  5.0  5.2  5.4  5.6
-23 |  5.8  5.9  6.0  6.1  6.2  6.3  6.3  6.4  6.3  6.3  6.2  6.1  6.0  6.0  5.8  5.6  5.4  5.2  5.0  4.7  4.4  4.1  3.6  3.3  2.9  2.4  2.0  1.5  0.9  0.1  0.0  0.0  0.0  0.0  0.0  0.0  0.0  0.0  0.0  0.0  0.0  0.0  0.0  0.0  0.0  0.0  0.0  0.0  0.0  0.0  0.0  0.0  0.0  0.0  0.0  0.0  0.0  0.0  0.0  0.0  0.0  0.0  0.0  0.0  0.0  0.0  0.0  0.0  0.0  0.0  0.0  0.0  0.0  0.0  0.0  0.0  0.8  1.4  2.0  2.4  2.8  3.3  3.6  4.0  4.3  4.6  4.9  5.2  5.3  5.6
-25 |  5.7  5.8  6.0  6.0  6.1  6.2  6.2  6.3  6.2  6.2  6.1  6.0  6.0  5.9  5.7  5.5  5.3  5.1  4.9  4.6  4.3  4.0  3.6  3.3  2.8  2.4  2.0  1.5  0.9  0.0  0.0  0.0  0.0  0.0  0.0  0.0  0.0  0.0  0.0  0.0  0.0  0.0  0.0  0.0  0.0  0.0  0.0  0.0  0.0  0.0  0.0  0.0  0.0  0.0  0.0  0.0  0.0  0.0  0.0  0.0  0.0  0.0  0.0  0.0  0.0  0.0  0.0  0.0  0.0  0.0  0.0  0.0  0.0  0.0  0.0  0.0  0.8  1.4  1.9  2.4  2.8  3.2  3.5  4.0  4.3  4.6  4.8  5.1  5.2  5.5
-27 |  5.6  5.7  5.9  6.0  6.0  6.1  6.1  6.1  6.1  6.1  6.0  6.0  5.9  5.8  5.6  5.4  5.2  5.0  4.8  4.5  4.2  3.9  3.5  3.2  2.8  2.4  1.9  1.4  0.8  0.0  0.0  0.0  0.0  0.0  0.0  0.0  0.0  0.0  0.0  0.0  0.0  0.0  0.0  0.0  0.0  0.0  0.0  0.0  0.0  0.0  0.0  0.0  0.0  0.0  0.0  0.0  0.0  0.0  0.0  0.0  0.0  0.0  0.0  0.0  0.0  0.0  0.0  0.0  0.0  0.0  0.0  0.0  0.0  0.0  0.0  0.0  0.8  1.4  1.9  2.3  2.8  3.2  3.5  3.9  4.2  4.5  4.8  5.0  5.2  5.4
-29 |  5.5  5.6  5.8  5.9  6.0  6.0  6.0  6.0  6.0  6.0  6.0  5.9  5.8  5.7  5.5  5.3  5.2  5.0  4.7  4.4  4.2  3.9  3.5  3.2  2.7  2.3  1.9  1.4  0.8  0.0  0.0  0.0  0.0  0.0  0.0  0.0  0.0  0.0  0.0  0.0  0.0  0.0  0.0  0.0  0.0  0.0  0.0  0.0  0.0  0.0  0.0  0.0  0.0  0.0  0.0  0.0  0.0  0.0  0.0  0.0  0.0  0.0  0.0  0.0  0.0  0.0  0.0  0.0  0.0  0.0  0.0  0.0  0.0  0.0  0.0  0.0  0.7  1.3  1.8  2.3  2.7  3.1  3.4  3.8  4.1  4.4  4.7  4.9  5.2  5.3
-31 |  5.4  5.5  5.7  5.8  5.9  5.9  6.0  6.0  6.0  5.9  5.9  5.8  5.7  5.5  5.4  5.2  5.1  4.9  4.6  4.4  4.1  3.8  3.4  3.1  2.7  2.3  1.8  1.3  0.7  0.0  0.0  0.0  0.0  0.0  0.0  0.0  0.0  0.0  0.0  0.0  0.0  0.0  0.0  0.0  0.0  0.0  0.0  0.0  0.0  0.0  0.0  0.0  0.0  0.0  0.0  0.0  0.0  0.0  0.0  0.0  0.0  0.0  0.0  0.0  0.0  0.0  0.0  0.0  0.0  0.0  0.0  0.0  0.0  0.0  0.0  0.0  0.7  1.3  1.8  2.2  2.7  3.1  3.4  3.8  4.0  4.3  4.6  4.8  5.1  5.2
-33 |  5.2  5.4  5.5  5.6  5.7  5.8  5.8  5.9  5.8  5.8  5.7  5.7  5.5  5.4  5.3  5.2  5.0  4.8  4.5  4.3  4.0  3.6  3.3  2.9  2.6  2.2  1.8  1.3  0.7  0.0  0.0  0.0  0.0  0.0  0.0  0.0  0.0  0.0  0.0  0.0  0.0  0.0  0.0  0.0  0.0  0.0  0.0  0.0  0.0  0.0  0.0  0.0  0.0  0.0  0.0  0.0  0.0  0.0  0.0  0.0  0.0  0.0  0.0  0.0  0.0  0.0  0.0  0.0  0.0  0.0  0.0  0.0  0.0  0.0  0.0  0.0  0.6  1.2  1.7  2.2  2.6  2.9  3.3  3.6  4.0  4.2  4.5  4.7  4.9  5.2
-35 |  5.2  5.3  5.4  5.5  5.6  5.7  5.7  5.7  5.7  5.7  5.6  5.5  5.4  5.3  5.2  5.1  4.9  4.6  4.4  4.2  3.9  3.5  3.3  2.9  2.6  2.2  1.7  1.2  0.6  0.0  0.0  0.0  0.0  0.0  0.0  0.0  0.0  0.0  0.0  0.0  0.0  0.0  0.0  0.0  0.0  0.0  0.0  0.0  0.0  0.0  0.0  0.0  0.0  0.0  0.0  0.0  0.0  0.0  0.0  0.0  0.0  0.0  0.0  0.0  0.0  0.0  0.0  0.0  0.0  0.0  0.0  0.0  0.0  0.0  0.0  0.0  0.6  1.2  1.6  2.1  2.6  2.8  3.2  3.5  3.9  4.1  4.4  4.6  4.8  5.0
-37 |  5.1  5.2  5.3  5.4  5.5  5.5  5.6  5.6  5.6  5.5  5.5  5.4  5.3  5.2  5.1  4.9  4.7  4.5  4.3  4.1  3.8  3.5  3.2  2.8  2.4  2.1  1.6  1.2  0.6  0.0  0.0  0.0  0.0  0.0  0.0  0.0  0.0  0.0  0.0  0.0  0.0  0.0  0.0  0.0  0.0  0.0  0.0  0.0  0.0  0.0  0.0  0.0  0.0  0.0  0.0  0.0  0.0  0.0  0.0  0.0  0.0  0.0  0.0  0.0  0.0  0.0  0.0  0.0  0.0  0.0  0.0  0.0  0.0  0.0  0.0  0.0  0.5  1.1  1.6  2.0  2.4  2.8  3.2  3.4  3.8  4.0  4.3  4.5  4.7  4.9
-39 |  5.0  5.1  5.2  5.2  5.3  5.4  5.4  5.4  5.4  5.4  5.3  5.2  5.2  5.1  5.0  4.8  4.6  4.4  4.2  4.0  3.6  3.4  3.1  2.7  2.4  2.0  1.6  1.1  0.5  0.0  0.0  0.0  0.0  0.0  0.0  0.0  0.0  0.0  0.0  0.0  0.0  0.0  0.0  0.0  0.0  0.0  0.0  0.0  0.0  0.0  0.0  0.0  0.0  0.0  0.0  0.0  0.0  0.0  0.0  0.0  0.0  0.0  0.0  0.0  0.0  0.0  0.0  0.0  0.0  0.0  0.0  0.0  0.0  0.0  0.0  0.0  0.5  1.0  1.5  2.0  2.3  2.7  3.1  3.3  3.6  3.9  4.2  4.4  4.6  4.8
-41 |  4.8  5.0  5.1  5.2  5.2  5.2  5.3  5.3  5.3  5.2  5.2  5.2  5.1  5.0  4.8  4.7  4.5  4.3  4.1  3.9  3.5  3.3  2.9  2.7  2.3  1.9  1.5  1.0  0.5  0.0  0.0  0.0  0.0  0.0  0.0  0.0  0.0  0.0  0.0  0.0  0.0  0.0  0.0  0.0  0.0  0.0  0.0  0.0  0.0  0.0  0.0  0.0  0.0  0.0  0.0  0.0  0.0  0.0  0.0  0.0  0.0  0.0  0.0  0.0  0.0  0.0  0.0  0.0  0.0  0.0  0.0  0.0  0.0  0.0  0.0  0.0  0.4  1.0  1.5  1.9  2.3  2.6  2.9  3.3  3.5  3.8  4.1  4.3  4.5  4.7
-43 |  4.7  4.8  4.9  5.0  5.1  5.2  5.2  5.2  5.2  5.2  5.1  5.0  5.0  4.8  4.7  4.5  4.4  4.2  4.0  3.8  3.4  3.2  2.9  2.6  2.3  1.9  1.4  1.0  0.4  0.0  0.0  0.0  0.0  0.0  0.0  0.0  0.0  0.0  0.0  0.0  0.0  0.0  0.0  0.0  0.0  0.0  0.0  0.0  0.0  0.0  0.0  0.0  0.0  0.0  0.0  0.0  0.0  0.0  0.0  0.0  0.0  0.0  0.0  0.0  0.0  0.0  0.0  0.0  0.0  0.0  0.0  0.0  0.0  0.0  0.0  0.0  0.3  0.9  1.4  1.8  2.2  2.6  2.8  3.2  3.4  3.6  4.0  4.2  4.4  4.5
-45 |  4.5  4.7  4.8  4.9  5.0  5.0  5.0  5.1  5.0  5.0  5.0  4.9  4.8  4.7  4.6  4.4  4.2  4.1  3.9  3.6  3.3  3.1  2.8  2.4  2.2  1.8  1.4  0.9  0.4  0.0  0.0  0.0  0.0  0.0  0.0  0.0  0.0  0.0  0.0  0.0  0.0  0.0  0.0  0.0  0.0  0.0  0.0  0.0  0.0  0.0  0.0  0.0  0.0  0.0  0.0  0.0  0.0  0.0  0.0  0.0  0.0  0.0  0.0  0.0  0.0  0.0  0.0  0.0  0.0  0.0  0.0  0.0  0.0  0.0  0.0  0.0  0.3  0.9  1.3  1.7  2.1  2.4  2.8  3.1  3.3  3.5  3.8  4.0  4.2  4.4
-47 |  4.4  4.5  4.6  4.7  4.8  4.8  4.9  4.9  4.9  4.9  4.8  4.7  4.6  4.5  4.4  4.3  4.1  3.9  3.8  3.5  3.2  2.9  2.7  2.4  2.1  1.7  1.3  0.9  0.3  0.0  0.0  0.0  0.0  0.0  0.0  0.0  0.0  0.0  0.0  0.0  0.0  0.0  0.0  0.0  0.0  0.0  0.0  0.0  0.0  0.0  0.0  0.0  0.0  0.0  0.0  0.0  0.0  0.0  0.0  0.0  0.0  0.0  0.0  0.0  0.0  0.0  0.0  0.0  0.0  0.0  0.0  0.0  0.0  0.0  0.0  0.0  0.2  0.8  1.2  1.6  2.0  2.3  2.7  2.9  3.2  3.4  3.6  3.9  4.1  4.3
-49 |  4.2  4.4  4.5  4.6  4.6  4.7  4.7  4.7  4.7  4.7  4.6  4.6  4.5  4.4  4.3  4.1  4.0  3.8  3.5  3.3  3.1  2.8  2.6  2.3  2.0  1.6  1.2  0.8  0.2  0.0  0.0  0.0  0.0  0.0  0.0  0.0  0.0  0.0  0.0  0.0  0.0  0.0  0.0  0.0  0.0  0.0  0.0  0.0  0.0  0.0  0.0  0.0  0.0  0.0  0.0  0.0  0.0  0.0  0.0  0.0  0.0  0.0  0.0  0.0  0.0  0.0  0.0  0.0  0.0  0.0  0.0  0.0  0.0  0.0  0.0  0.0  0.1  0.7  1.2  1.6  1.9  2.3  2.6  2.8  3.1  3.3  3.5  3.8  4.0  4.1
-51 |  4.1  4.2  4.3  4.4  4.5  4.5  4.5  4.5  4.5  4.5  4.5  4.4  4.3  4.2  4.1  4.0  3.8  3.6  3.4  3.2  2.9  2.7  2.4  2.2  1.9  1.5  1.2  0.7  0.1  0.0  0.0  0.0  0.0  0.0  0.0  0.0  0.0  0.0  0.0  0.0  0.0  0.0  0.0  0.0  0.0  0.0  0.0  0.0  0.0  0.0  0.0  0.0  0.0  0.0  0.0  0.0  0.0  0.0  0.0  0.0  0.0  0.0  0.0  0.0  0.0  0.0  0.0  0.0  0.0  0.0  0.0  0.0  0.0  0.0  0.0  0.0  0.0  0.7  1.1  1.5  1.8  2.2  2.4  2.7  2.9  3.2  3.4  3.6  3.8  4.0
-53 |  3.9  4.1  4.1  4.2  4.3  4.3  4.4  4.4  4.4  4.3  4.3  4.2  4.2  4.1  4.0  3.8  3.6  3.4  3.3  3.1  2.8  2.6  2.3  2.1  1.8  1.4  1.1  0.6  0.0  0.0  0.0  0.0  0.0  0.0  0.0  0.0  0.0  0.0  0.0  0.0  0.0  0.0  0.0  0.0  0.0  0.0  0.0  0.0  0.0  0.0  0.0  0.0  0.0  0.0  0.0  0.0  0.0  0.0  0.0  0.0  0.0  0.0  0.0  0.0  0.0  0.0  0.0  0.0  0.0  0.0  0.0  0.0  0.0  0.0  0.0  0.0  0.0  0.6  1.0  1.4  1.7  2.0  2.3  2.6  2.8  3.1  3.3  3.4  3.6  3.8
-55 |  3.8  3.9  4.0  4.1  4.1  4.2  4.2  4.2  4.2  4.2  4.1  4.1  4.0  3.9  3.8  3.6  3.5  3.3  3.2  2.9  2.7  2.4  2.3  2.0  1.7  1.3  1.0  0.6  0.0  0.0  0.0  0.0  0.0  0.0  0.0  0.0  0.0  0.0  0.0  0.0  0.0  0.0  0.0  0.0  0.0  0.0  0.0  0.0  0.0  0.0  0.0  0.0  0.0  0.0  0.0  0.0  0.0  0.0  0.0  0.0  0.0  0.0  0.0  0.0  0.0  0.0  0.0  0.0  0.0  0.0  0.0  0.0  0.0  0.0  0.0  0.0  0.0  0.5  0.9  1.3  1.6  1.9  2.2  2.4  2.7  2.9  3.1  3.3  3.4  3.6
-57 |  3.5  3.6  3.8  3.9  3.9  4.0  4.0  4.0  4.0  4.0  3.9  3.9  3.8  3.6  3.5  3.4  3.3  3.2  2.9  2.8  2.6  2.3  2.1  1.9  1.6  1.2  0.9  0.5  0.0  0.0  0.0  0.0  0.0  0.0  0.0  0.0  0.0  0.0  0.0  0.0  0.0  0.0  0.0  0.0  0.0  0.0  0.0  0.0  0.0  0.0  0.0  0.0  0.0  0.0  0.0  0.0  0.0  0.0  0.0  0.0  0.0  0.0  0.0  0.0  0.0  0.0  0.0  0.0  0.0  0.0  0.0  0.0  0.0  0.0  0.0  0.0  0.0  0.4  0.9  1.2  1.5  1.8  2.1  2.3  2.6  2.8  2.9  3.2  3.3  3.4
-59 |  3.4  3.5  3.5  3.6  3.8  3.8  3.8  3.8  3.8  3.8  3.8  3.6  3.5  3.5  3.4  3.3  3.2  2.9  2.8  2.7  2.4  2.2  2.0  1.7  1.4  1.2  0.8  0.4  0.0  0.0  0.0  0.0  0.0  0.0  0.0  0.0  0.0  0.0  0.0  0.0  0.0  0.0  0.0  0.0  0.0  0.0  0.0  0.0  0.0  0.0  0.0  0.0  0.0  0.0  0.0  0.0  0.0  0.0  0.0  0.0  0.0  0.0  0.0  0.0  0.0  0.0  0.0  0.0  0.0  0.0  0.0  0.0  0.0  0.0  0.0  0.0  0.0  0.3  0.8  1.1  1.4  1.7  2.0  2.2  2.4  2.6  2.8  2.9  3.1  3.3
-61 |  3.2  3.3  3.4  3.4  3.5  3.5  3.5  3.5  3.5  3.5  3.5  3.4  3.4  3.3  3.2  3.1  2.9  2.8  2.7  2.4  2.3  2.1  1.9  1.6  1.3  1.0  0.7  0.3  0.0  0.0  0.0  0.0  0.0  0.0  0.0  0.0  0.0  0.0  0.0  0.0  0.0  0.0  0.0  0.0  0.0  0.0  0.0  0.0  0.0  0.0  0.0  0.0  0.0  0.0  0.0  0.0  0.0  0.0  0.0  0.0  0.0  0.0  0.0  0.0  0.0  0.0  0.0  0.0  0.0  0.0  0.0  0.0  0.0  0.0  0.0  0.0  0.0  0.2  0.7  1.0  1.3  1.6  1.8  2.1  2.3  2.4  2.7  2.8  2.9  3.1
-63 |  2.9  3.1  3.2  3.2  3.3  3.3  3.3  3.4  3.3  3.3  3.3  3.3  3.2  3.1  3.1  2.9  2.8  2.7  2.4  2.3  2.1  1.9  1.7  1.5  1.2  0.9  0.6  0.2  0.0  0.0  0.0  0.0  0.0  0.0  0.0  0.0  0.0  0.0  0.0  0.0  0.0  0.0  0.0  0.0  0.0  0.0  0.0  0.0  0.0  0.0  0.0  0.0  0.0  0.0  0.0  0.0  0.0  0.0  0.0  0.0  0.0  0.0  0.0  0.0  0.0  0.0  0.0  0.0  0.0  0.0  0.0  0.0  0.0  0.0  0.0  0.0  0.0  0.1  0.6  0.9  1.2  1.4  1.7  1.9  2.1  2.3  2.4  2.6  2.8  2.9
-65 |  2.8  2.9  2.9  3.1  3.1  3.1  3.2  3.2  3.2  3.1  3.1  3.1  2.9  2.9  2.8  2.7  2.6  2.4  2.3  2.2  2.0  1.8  1.6  1.3  1.1  0.8  0.5  0.0  0.0  0.0  0.0  0.0  0.0  0.0  0.0  0.0  0.0  0.0  0.0  0.0  0.0  0.0  0.0  0.0  0.0  0.0  0.0  0.0  0.0  0.0  0.0  0.0  0.0  0.0  0.0  0.0  0.0  0.0  0.0  0.0  0.0  0.0  0.0  0.0  0.0  0.0  0.0  0.0  0.0  0.0  0.0  0.0  0.0  0.0  0.0  0.0  0.0  0.0  0.4  0.8  1.1  1.3  1.5  1.8  1.9  2.1  2.3  2.4  2.6  2.7
-67 |  2.6  2.7  2.7  2.8  2.8  2.9  2.9  2.9  2.9  2.9  2.8  2.8  2.7  2.7  2.6  2.6  2.4  2.3  2.1  2.0  1.8  1.6  1.4  1.2  1.0  0.7  0.4  0.0  0.0  0.0  0.0  0.0  0.0  0.0  0.0  0.0  0.0  0.0  0.0  0.0  0.0  0.0  0.0  0.0  0.0  0.0  0.0  0.0  0.0  0.0  0.0  0.0  0.0  0.0  0.0  0.0  0.0  0.0  0.0  0.0  0.0  0.0  0.0  0.0  0.0  0.0  0.0  0.0  0.0  0.0  0.0  0.0  0.0  0.0  0.0  0.0  0.0  0.0  0.3  0.7  0.9  1.2  1.4  1.6  1.8  1.9  2.1  2.3  2.4  2.4
-69 |  2.4  2.4  2.6  2.6  2.6  2.7  2.7  2.7  2.7  2.7  2.6  2.6  2.6  2.4  2.4  2.3  2.2  2.1  1.9  1.8  1.6  1.5  1.3  1.1  0.8  0.6  0.2  0.0  0.0  0.0  0.0  0.0  0.0  0.0  0.0  0.0  0.0  0.0  0.0  0.0  0.0  0.0  0.0  0.0  0.0  0.0  0.0  0.0  0.0  0.0  0.0  0.0  0.0  0.0  0.0  0.0  0.0  0.0  0.0  0.0  0.0  0.0  0.0  0.0  0.0  0.0  0.0  0.0  0.0  0.0  0.0  0.0  0.0  0.0  0.0  0.0  0.0  0.0  0.2  0.5  0.8  1.0  1.2  1.4  1.6  1.8  1.9  2.1  2.2  2.3
-71 |  2.1  2.2  2.3  2.3  2.4  2.4  2.4  2.4  2.4  2.4  2.4  2.3  2.3  2.3  2.2  2.1  2.0  1.9  1.7  1.6  1.4  1.3  1.1  0.9  0.7  0.4  0.1  0.0  0.0  0.0  0.0  0.0  0.0  0.0  0.0  0.0  0.0  0.0  0.0  0.0  0.0  0.0  0.0  0.0  0.0  0.0  0.0  0.0  0.0  0.0  0.0  0.0  0.0  0.0  0.0  0.0  0.0  0.0  0.0  0.0  0.0  0.0  0.0  0.0  0.0  0.0  0.0  0.0  0.0  0.0  0.0  0.0  0.0  0.0  0.0  0.0  0.0  0.0  0.0  0.4  0.7  0.9  1.1  1.3  1.4  1.6  1.7  1.8  2.0  2.1
-73 |  1.9  2.0  2.0  2.1  2.1  2.2  2.2  2.2  2.2  2.2  2.1  2.1  2.1  2.0  1.9  1.8  1.7  1.6  1.5  1.4  1.3  1.1  0.9  0.7  0.5  0.3  0.0  0.0  0.0  0.0  0.0  0.0  0.0  0.0  0.0  0.0  0.0  0.0  0.0  0.0  0.0  0.0  0.0  0.0  0.0  0.0  0.0  0.0  0.0  0.0  0.0  0.0  0.0  0.0  0.0  0.0  0.0  0.0  0.0  0.0  0.0  0.0  0.0  0.0  0.0  0.0  0.0  0.0  0.0  0.0  0.0  0.0  0.0  0.0  0.0  0.0  0.0  0.0  0.0  0.2  0.5  0.7  0.9  1.1  1.2  1.4  1.5  1.6  1.7  1.8
-75 |  1.7  1.7  1.8  1.8  1.9  1.9  1.9  1.9  1.9  1.9  1.9  1.8  1.8  1.7  1.7  1.6  1.5  1.4  1.3  1.2  1.0  0.9  0.7  0.6  0.3  0.1  0.0  0.0  0.0  0.0  0.0  0.0  0.0  0.0  0.0  0.0  0.0  0.0  0.0  0.0  0.0  0.0  0.0  0.0  0.0  0.0  0.0  0.0  0.0  0.0  0.0  0.0  0.0  0.0  0.0  0.0  0.0  0.0  0.0  0.0  0.0  0.0  0.0  0.0  0.0  0.0  0.0  0.0  0.0  0.0  0.0  0.0  0.0  0.0  0.0  0.0  0.0  0.0  0.0  0.0  0.3  0.5  0.7  0.9  1.0  1.2  1.3  1.4  1.5  1.6
-77 |  1.4  1.5  1.5  1.5  1.6  1.6  1.6  1.6  1.6  1.6  1.6  1.5  1.5  1.5  1.4  1.3  1.3  1.2  1.1  1.0  0.8  0.7  0.6  0.4  0.1  0.0  0.0  0.0  0.0  0.0  0.0  0.0  0.0  0.0  0.0  0.0  0.0  0.0  0.0  0.0  0.0  0.0  0.0  0.0  0.0  0.0  0.0  0.0  0.0  0.0  0.0  0.0  0.0  0.0  0.0  0.0  0.0  0.0  0.0  0.0  0.0  0.0  0.0  0.0  0.0  0.0  0.0  0.0  0.0  0.0  0.0  0.0  0.0  0.0  0.0  0.0  0.0  0.0  0.0  0.0  0.1  0.3  0.5  0.7  0.8  0.9  1.0  1.2  1.2  1.3
-79 |  1.1  1.2  1.2  1.3  1.3  1.3  1.3  1.3  1.3  1.3  1.3  1.3  1.2  1.2  1.1  1.0  1.0  0.9  0.8  0.7  0.6  0.5  0.3  0.1  0.0  0.0  0.0  0.0  0.0  0.0  0.0  0.0  0.0  0.0  0.0  0.0  0.0  0.0  0.0  0.0  0.0  0.0  0.0  0.0  0.0  0.0  0.0  0.0  0.0  0.0  0.0  0.0  0.0  0.0  0.0  0.0  0.0  0.0  0.0  0.0  0.0  0.0  0.0  0.0  0.0  0.0  0.0  0.0  0.0  0.0  0.0  0.0  0.0  0.0  0.0  0.0  0.0  0.0  0.0  0.0  0.0  0.1  0.3  0.4  0.6  0.7  0.8  0.9  1.0  1.0
-81 |  0.8  0.9  0.9  0.9  1.0  1.0  1.0  1.0  1.0  1.0  1.0  0.9  0.9  0.9  0.8  0.8  0.7  0.6  0.5  0.4  0.3  0.2  0.0  0.0  0.0  0.0  0.0  0.0  0.0  0.0  0.0  0.0  0.0  0.0  0.0  0.0  0.0  0.0  0.0  0.0  0.0  0.0  0.0  0.0  0.0  0.0  0.0  0.0  0.0  0.0  0.0  0.0  0.0  0.0  0.0  0.0  0.0  0.0  0.0  0.0  0.0  0.0  0.0  0.0  0.0  0.0  0.0  0.0  0.0  0.0  0.0  0.0  0.0  0.0  0.0  0.0  0.0  0.0  0.0  0.0  0.0  0.0  0.0  0.1  0.3  0.4  0.5  0.6  0.7  0.7
-83 |  0.4  0.5  0.5  0.6  0.6  0.6  0.6  0.6  0.6  0.6  0.6  0.6  0.5  0.5  0.5  0.4  0.3  0.3  0.2  0.0  0.0  0.0  0.0  0.0  0.0  0.0  0.0  0.0  0.0  0.0  0.0  0.0  0.0  0.0  0.0  0.0  0.0  0.0  0.0  0.0  0.0  0.0  0.0  0.0  0.0  0.0  0.0  0.0  0.0  0.0  0.0  0.0  0.0  0.0  0.0  0.0  0.0  0.0  0.0  0.0  0.0  0.0  0.0  0.0  0.0  0.0  0.0  0.0  0.0  0.0  0.0  0.0  0.0  0.0  0.0  0.0  0.0  0.0  0.0  0.0  0.0  0.0  0.0  0.0  0.0  0.0  0.1  0.2  0.3  0.4
-85 |  0.0  0.0  0.0  0.1  0.1  0.1  0.1  0.1  0.1  0.1  0.1  0.1  0.0  0.0  0.0  0.0  0.0  0.0  0.0  0.0  0.0  0.0  0.0  0.0  0.0  0.0  0.0  0.0  0.0  0.0  0.0  0.0  0.0  0.0  0.0  0.0  0.0  0.0  0.0  0.0  0.0  0.0  0.0  0.0  0.0  0.0  0.0  0.0  0.0  0.0  0.0  0.0  0.0  0.0  0.0  0.0  0.0  0.0  0.0  0.0  0.0  0.0  0.0  0.0  0.0  0.0  0.0  0.0  0.0  0.0  0.0  0.0  0.0  0.0  0.0  0.0  0.0  0.0  0.0  0.0  0.0  0.0  0.0  0.0  0.0  0.0  0.0  0.0  0.0  0.0
-87 |  0.0  0.0  0.0  0.0  0.0  0.0  0.0  0.0  0.0  0.0  0.0  0.0  0.0  0.0  0.0  0.0  0.0  0.0  0.0  0.0  0.0  0.0  0.0  0.0  0.0  0.0  0.0  0.0  0.0  0.0  0.0  0.0  0.0  0.0  0.0  0.0  0.0  0.0  0.0  0.0  0.0  0.0  0.0  0.0  0.0  0.0  0.0  0.0  0.0  0.0  0.0  0.0  0.0  0.0  0.0  0.0  0.0  0.0  0.0  0.0  0.0  0.0  0.0  0.0  0.0  0.0  0.0  0.0  0.0  0.0  0.0  0.0  0.0  0.0  0.0  0.0  0.0  0.0  0.0  0.0  0.0  0.0  0.0  0.0  0.0  0.0  0.0  0.0  0.0  0.0
-89 |  0.0  0.0  0.0  0.0  0.0  0.0  0.0  0.0  0.0  0.0  0.0  0.0  0.0  0.0  0.0  0.0  0.0  0.0  0.0  0.0  0.0  0.0  0.0  0.0  0.0  0.0  0.0  0.0  0.0  0.0  0.0  0.0  0.0  0.0  0.0  0.0  0.0  0.0  0.0  0.0  0.0  0.0  0.0  0.0  0.0  0.0  0.0  0.0  0.0  0.0  0.0  0.0  0.0  0.0  0.0  0.0  0.0  0.0  0.0  0.0  0.0  0.0  0.0  0.0  0.0  0.0  0.0  0.0  0.0  0.0  0.0  0.0  0.0  0.0  0.0  0.0  0.0  0.0  0.0  0.0  0.0  0.0  0.0  0.0  0.0  0.0  0.0  0.0  0.0  0.0
