# DRAP Tabular Values
# Product: D-Region Absorption         /images/SWX_DRAP20_C_SWPC_20240701220000_GLOBAL.txt
# Product Valid At : 2024-07-01 22:00 UTC
#
# Prepared by the U.S. Dept. of Commerce, NOAA, Space Weather Prediction Center.
# Please send comments and suggestions to SWPC.Webmaster@noaa.gov
#
# Estimated Recovery Time : No Estimate
#
#  X-RAY Message : Elevated X-ray flux
#
#  X-RAY Warning :  
#
#  Proton Message : Normal Proton Background
#
#  Proton Warning : 
#
# Frequency (MHz) as a function of Latitude and Longitude
#
      -178 -174 -170 -166 -162 -158 -154 -150 -146 -142 -138 -134 -130 -126 -122 -118 -114 -110 -106 -102  -98  -94  -90  -86  -82  -78  -74  -70  -66  -62  -58  -54  -50  -46  -42  -38  -34  -30  -26  -22  -18  -14  -10   -6   -2    2    6   10   14   18   22   26   30   34   38   42   46   50   54   58   62   66   70   74   78   82   86   90   94   98  102  106  110  114  118  122  126  130  134  138  142  146  150  154  158  162  166  170  174  178
------------------------------------------------------------------------------------------------------------------------------------------------------------------------------------------------------------------------------------------------------------------------------------------------------------------------------------------------------------------------------------------------------------------------------------------------------------------------
 89 |  4.3  4.3  4.3  4.3  4.3  4.3  4.3  4.3  4.3  4.3  4.3  4.3  4.3  4.3  4.3  4.3  4.3  4.3  4.3  4.3  4.3  4.2  4.2  4.2  4.2  4.2  4.2  4.2  4.2  4.2  4.2  4.2  4.2  4.1  4.1  4.1  4.1  4.1  4.1  4.1  4.1  4.1  4.1  4.1  4.1  4.1  4.1  4.1  4.1  4.1  4.1  4.1  4.1  4.1  4.1  4.1  4.1  4.1  4.1  4.1  4.1  4.1  4.1  4.1  4.1  4.1  4.1  4.1  4.1  4.1  4.1  4.1  4.2  4.2  4.2  4.2  4.2  4.2  4.2  4.2  4.2  4.2  4.2  4.2  4.3  4.3  4.3  4.3  4.3  4.3
 87 |  4.5  4.5  4.5  4.5  4.5  4.5  4.5  4.5  4.5  4.5  4.5  4.5  4.5  4.5  4.5  4.5  4.5  4.5  4.4  4.4  4.4  4.4  4.4  4.3  4.3  4.3  4.3  4.2  4.2  4.2  4.2  4.1  4.1  4.1  4.1  4.0  4.0  4.0  4.0  3.9  3.9  3.9  3.9  3.9  3.9  3.9  3.8  3.8  3.8  3.8  3.8  3.8  3.8  3.8  3.8  3.8  3.8  3.8  3.8  3.8  3.9  3.9  3.9  3.9  3.9  3.9  4.0  4.0  4.0  4.0  4.1  4.1  4.1  4.1  4.2  4.2  4.2  4.2  4.3  4.3  4.3  4.3  4.4  4.4  4.4  4.4  4.4  4.5  4.5  4.5
 85 |  4.7  4.7  4.8  4.8  4.8  4.8  4.8  4.8  4.8  4.8  4.8  4.8  4.8  4.7  4.7  4.7  4.7  4.6  4.6  4.6  4.6  4.5  4.5  4.4  4.4  4.4  4.3  4.3  4.2  4.2  4.1  4.1  4.1  4.0  4.0  3.9  3.9  3.9  3.8  3.8  3.8  3.6  3.6  3.6  3.6  3.5  3.5  3.5  3.5  3.5  3.5  3.5  3.5  3.5  3.5  3.5  3.5  3.5  3.5  3.5  3.5  3.6  3.6  3.6  3.8  3.8  3.8  3.9  3.9  3.9  4.0  4.0  4.1  4.1  4.1  4.2  4.2  4.3  4.3  4.4  4.4  4.4  4.5  4.5  4.5  4.6  4.6  4.6  4.7  4.7
 83 |  4.9  5.0  5.0  5.0  5.0  5.0  5.0  5.0  5.0  5.0  5.0  5.0  5.0  5.0  4.9  4.9  4.9  4.8  4.8  4.7  4.7  4.6  4.6  4.5  4.5  4.4  4.4  4.3  4.2  4.2  4.1  4.1  4.0  4.0  3.9  3.8  3.8  3.6  3.6  3.5  3.5  3.4  3.4  3.4  3.3  3.3  3.3  3.3  3.2  3.2  3.2  3.2  3.2  3.2  3.2  3.2  3.2  3.3  3.3  3.3  3.3  3.4  3.4  3.4  3.5  3.5  3.6  3.6  3.8  3.8  3.9  3.9  4.0  4.1  4.1  4.2  4.2  4.3  4.4  4.4  4.5  4.5  4.6  4.6  4.7  4.7  4.8  4.8  4.9  4.9
 81 |  5.1  5.2  5.2  5.2  5.2  5.2  5.2  5.2  5.2  5.2  5.2  5.2  5.2  5.2  5.1  5.1  5.1  5.0  5.0  4.9  4.8  4.8  4.7  4.6  4.6  4.5  4.4  4.3  4.3  4.2  4.1  4.0  4.0  3.9  3.8  3.6  3.6  3.5  3.4  3.4  3.3  3.3  3.2  3.2  3.1  3.1  3.1  2.9  2.9  2.9  2.9  2.9  2.9  2.9  2.9  2.9  2.9  2.9  3.1  3.1  3.1  3.2  3.2  3.3  3.3  3.4  3.4  3.5  3.6  3.6  3.8  3.9  3.9  4.0  4.1  4.2  4.3  4.3  4.4  4.5  4.6  4.6  4.7  4.8  4.8  4.9  4.9  5.0  5.0  5.1
 79 |  5.2  5.3  5.3  5.3  5.4  5.4  5.4  5.4  5.4  5.4  5.4  5.3  5.3  5.3  5.2  5.2  5.2  5.2  5.1  5.0  5.0  4.9  4.8  4.7  4.6  4.5  4.5  4.4  4.3  4.2  4.1  4.0  3.9  3.8  3.6  3.5  3.4  3.4  3.3  3.2  3.1  3.1  2.9  2.9  2.8  2.8  2.7  2.7  2.7  2.7  2.6  2.6  2.6  2.6  2.6  2.6  2.7  2.7  2.7  2.8  2.8  2.9  2.9  3.1  3.1  3.2  3.3  3.4  3.4  3.5  3.6  3.8  3.9  4.0  4.1  4.2  4.3  4.4  4.4  4.5  4.6  4.7  4.8  4.9  5.0  5.0  5.1  5.2  5.2  5.2
 77 |  5.4  5.5  5.5  5.6  5.6  5.6  5.6  5.6  5.6  5.6  5.6  5.6  5.5  5.5  5.4  5.4  5.3  5.2  5.2  5.2  5.1  5.0  4.9  4.8  4.7  4.6  4.5  4.4  4.3  4.2  4.1  3.9  3.8  3.6  3.5  3.4  3.3  3.2  3.1  3.1  2.9  2.8  2.7  2.7  2.6  2.6  2.4  2.4  2.3  2.3  2.3  2.3  2.3  2.3  2.3  2.3  2.3  2.4  2.4  2.4  2.6  2.7  2.7  2.8  2.9  2.9  3.1  3.2  3.3  3.4  3.5  3.6  3.8  3.9  4.0  4.1  4.3  4.4  4.5  4.6  4.7  4.8  4.9  5.0  5.1  5.2  5.2  5.2  5.3  5.4
 75 |  5.6  5.7  5.7  5.8  5.8  5.8  5.9  5.9  5.9  5.8  5.8  5.8  5.7  5.7  5.6  5.6  5.5  5.4  5.3  5.2  5.2  5.1  5.0  4.9  4.8  4.7  4.5  4.4  4.3  4.1  4.0  3.9  3.8  3.5  3.4  3.3  3.2  3.1  2.9  2.8  2.7  2.6  2.4  2.4  2.3  2.2  2.1  2.1  2.0  2.0  1.9  1.9  1.9  1.9  1.9  2.0  2.0  2.1  2.1  2.2  2.3  2.4  2.4  2.6  2.7  2.8  2.9  3.1  3.2  3.3  3.4  3.5  3.8  3.9  4.0  4.1  4.3  4.4  4.5  4.6  4.8  4.9  5.0  5.1  5.2  5.2  5.3  5.4  5.5  5.6
 73 |  5.8  5.9  5.9  6.0  6.0  6.0  6.0  6.0  6.0  6.0  6.0  6.0  5.9  5.9  5.8  5.8  5.7  5.6  5.5  5.4  5.3  5.2  5.1  5.0  4.8  4.7  4.6  4.4  4.3  4.1  4.0  3.8  3.6  3.5  3.3  3.2  3.1  2.9  2.7  2.6  2.4  2.3  2.2  2.1  2.0  1.9  1.8  1.7  1.7  1.6  1.6  1.6  1.6  1.6  1.6  1.6  1.7  1.7  1.8  1.9  2.0  2.1  2.2  2.3  2.4  2.6  2.7  2.8  3.1  3.2  3.3  3.4  3.6  3.8  4.0  4.1  4.3  4.4  4.5  4.7  4.8  5.0  5.1  5.2  5.2  5.4  5.5  5.6  5.7  5.7
 71 |  6.0  6.0  6.0  6.1  6.1  6.2  6.2  6.2  6.2  6.2  6.1  6.1  6.1  6.0  6.0  5.9  5.8  5.7  5.6  5.5  5.4  5.2  5.2  5.0  4.9  4.7  4.6  4.4  4.3  4.1  3.9  3.8  3.5  3.4  3.2  3.1  2.8  2.7  2.6  2.4  2.3  2.1  1.9  1.8  1.7  1.6  1.5  1.4  1.3  1.2  1.2  1.2  1.2  1.2  1.2  1.2  1.3  1.4  1.4  1.5  1.7  1.8  1.9  2.1  2.2  2.4  2.6  2.7  2.8  3.1  3.2  3.4  3.5  3.8  3.9  4.1  4.2  4.4  4.6  4.7  4.9  5.0  5.2  5.2  5.4  5.5  5.6  5.7  5.8  5.9
 69 |  6.1  6.2  6.2  6.3  6.3  6.4  6.4  6.4  6.4  6.4  6.3  6.3  6.2  6.2  6.1  6.0  6.0  5.9  5.8  5.6  5.5  5.3  5.2  5.1  4.9  4.8  4.6  4.4  4.3  4.1  3.9  3.6  3.5  3.3  3.1  2.9  2.7  2.6  2.3  2.2  2.0  1.8  1.6  1.5  1.3  1.2  1.1  1.0  0.9  0.8  0.8  0.7  0.7  0.7  0.7  0.8  0.9  1.0  1.1  1.2  1.3  1.5  1.6  1.8  2.0  2.1  2.3  2.6  2.7  2.9  3.1  3.3  3.4  3.6  3.9  4.1  4.2  4.4  4.6  4.8  4.9  5.1  5.2  5.3  5.5  5.6  5.7  5.9  6.0  6.0
 67 |  6.3  6.3  6.4  6.5  6.5  6.5  6.5  6.5  6.5  6.5  6.5  6.5  6.4  6.4  6.3  6.2  6.1  6.0  5.9  5.7  5.6  5.4  5.3  5.2  5.0  4.8  4.6  4.4  4.2  4.0  3.9  3.6  3.4  3.2  2.9  2.8  2.6  2.3  2.1  1.9  1.7  1.5  1.3  1.2  1.0  0.8  0.7  0.5  0.4  0.3  0.2  0.1  0.1  0.1  0.2  0.2  0.4  0.5  0.6  0.8  1.0  1.1  1.3  1.5  1.7  1.9  2.1  2.3  2.6  2.7  2.9  3.2  3.4  3.5  3.8  4.0  4.2  4.4  4.6  4.8  5.0  5.2  5.2  5.4  5.6  5.7  5.9  6.0  6.0  6.2
 65 |  6.4  6.5  6.5  6.6  6.6  6.7  6.7  6.7  6.7  6.7  6.6  6.6  6.5  6.5  6.4  6.3  6.2  6.1  6.0  5.9  5.7  5.5  5.3  5.2  5.0  4.8  4.6  4.4  4.2  4.0  3.8  3.5  3.3  3.1  2.8  2.6  2.4  2.1  1.9  1.7  1.4  1.2  1.0  0.8  0.6  0.3  0.1  0.0  0.0  0.0  0.0  0.0  0.0  0.0  0.0  0.0  0.0  0.0  0.0  0.3  0.5  0.8  1.0  1.2  1.4  1.6  1.9  2.1  2.3  2.6  2.8  3.1  3.3  3.5  3.8  4.0  4.2  4.4  4.6  4.8  5.0  5.2  5.3  5.5  5.7  5.8  6.0  6.0  6.2  6.3
 63 |  6.5  6.6  6.7  6.8  6.8  6.9  6.9  6.9  6.9  6.9  6.8  6.8  6.7  6.6  6.5  6.5  6.3  6.2  6.0  6.0  5.8  5.6  5.4  5.2  5.1  4.9  4.6  4.4  4.2  4.0  3.8  3.4  3.2  2.9  2.7  2.4  2.2  1.9  1.7  1.4  1.2  0.9  0.6  0.3  0.0  0.0  0.0  0.0  0.0  0.0  0.0  0.0  0.0  0.0  0.0  0.0  0.0  0.0  0.0  0.0  0.0  0.3  0.6  0.9  1.1  1.4  1.6  1.9  2.2  2.4  2.7  2.9  3.2  3.4  3.6  3.9  4.2  4.4  4.6  4.8  5.1  5.2  5.4  5.6  5.8  5.9  6.0  6.2  6.3  6.5
 61 |  6.6  6.8  6.8  6.9  7.0  7.0  7.0  7.0  7.0  7.0  7.0  6.9  6.9  6.8  6.7  6.5  6.5  6.3  6.2  6.0  5.9  5.7  5.5  5.2  5.1  4.9  4.6  4.4  4.2  3.9  3.6  3.4  3.1  2.8  2.6  2.3  2.0  1.7  1.4  1.2  0.8  0.5  0.1  0.0  0.0  0.0  0.0  0.0  0.0  0.0  0.0  0.0  0.0  0.0  0.0  0.0  0.0  0.0  0.0  0.0  0.0  0.0  0.0  0.5  0.8  1.1  1.4  1.7  2.0  2.3  2.6  2.8  3.1  3.3  3.6  3.9  4.1  4.4  4.6  4.9  5.1  5.2  5.4  5.6  5.9  6.0  6.1  6.3  6.5  6.5
 59 |  6.8  6.9  7.0  7.0  7.1  7.1  7.1  7.2  7.1  7.1  7.1  7.0  7.0  6.9  6.8  6.7  6.5  6.4  6.3  6.1  6.0  5.7  5.5  5.3  5.1  4.9  4.6  4.4  4.1  3.9  3.5  3.3  3.1  2.7  2.4  2.1  1.8  1.5  1.2  0.8  0.5  0.0  0.0  0.0  0.0  0.0  0.0  0.0  0.0  0.0  0.0  0.0  0.0  0.0  0.0  0.0  0.0  0.0  0.0  0.0  0.0  0.0  0.0  0.0  0.4  0.8  1.1  1.5  1.8  2.1  2.4  2.7  2.9  3.3  3.5  3.9  4.1  4.4  4.6  4.9  5.1  5.3  5.5  5.7  5.9  6.0  6.2  6.4  6.5  6.6
 57 |  6.9  7.0  7.1  7.2  7.2  7.3  7.3  7.3  7.3  7.3  7.2  7.2  7.1  7.0  6.9  6.8  6.6  6.5  6.4  6.2  6.0  5.8  5.6  5.3  5.2  4.9  4.6  4.4  4.1  3.8  3.5  3.2  2.9  2.6  2.3  1.9  1.6  1.3  0.9  0.5  0.0  0.0  0.0  0.0  0.0  0.0  0.0  0.0  0.0  0.0  0.0  0.0  0.0  0.0  0.0  0.0  0.0  0.0  0.0  0.0  0.0  0.0  0.0  0.0  0.0  0.4  0.9  1.2  1.6  1.9  2.3  2.6  2.8  3.2  3.5  3.8  4.1  4.3  4.6  4.9  5.1  5.3  5.5  5.8  6.0  6.1  6.3  6.5  6.6  6.8
 55 |  7.0  7.1  7.2  7.3  7.3  7.3  7.4  7.4  7.4  7.3  7.3  7.3  7.2  7.1  7.0  6.9  6.7  6.6  6.5  6.2  6.0  5.9  5.6  5.4  5.2  4.9  4.6  4.4  4.1  3.8  3.4  3.1  2.8  2.4  2.1  1.8  1.4  1.0  0.6  0.0  0.0  0.0  0.0  0.0  0.0  0.0  0.0  0.0  0.0  0.0  0.0  0.0  0.0  0.0  0.0  0.0  0.0  0.0  0.0  0.0  0.0  0.0  0.0  0.0  0.0  0.0  0.5  1.0  1.4  1.7  2.1  2.4  2.8  3.1  3.4  3.8  4.0  4.3  4.6  4.9  5.2  5.3  5.6  5.8  6.0  6.2  6.4  6.5  6.7  6.9
 53 |  7.1  7.2  7.3  7.3  7.4  7.5  7.5  7.5  7.5  7.5  7.4  7.4  7.3  7.2  7.1  7.0  6.9  6.7  6.5  6.3  6.1  5.9  5.7  5.4  5.2  4.9  4.6  4.3  4.0  3.6  3.4  3.1  2.7  2.3  2.0  1.6  1.2  0.7  0.2  0.0  0.0  0.0  0.0  0.0  0.0  0.0  0.0  0.0  0.0  0.0  0.0  0.0  0.0  0.0  0.0  0.0  0.0  0.0  0.0  0.0  0.0  0.0  0.0  0.0  0.0  0.0  0.1  0.7  1.1  1.5  1.9  2.3  2.7  2.9  3.3  3.6  4.0  4.3  4.6  4.9  5.2  5.3  5.6  5.9  6.0  6.3  6.5  6.6  6.8  7.0
 51 |  7.2  7.3  7.4  7.5  7.6  7.6  7.7  7.7  7.7  7.6  7.6  7.5  7.4  7.3  7.2  7.0  7.0  6.8  6.5  6.4  6.1  6.0  5.7  5.4  5.2  4.9  4.6  4.3  4.0  3.6  3.3  2.9  2.6  2.2  1.8  1.4  0.9  0.4  0.0  0.0  0.0  0.0  0.0  0.0  0.0  0.0  0.0  0.0  0.0  0.0  0.0  0.0  0.0  0.0  0.0  0.0  0.0  0.0  0.0  0.0  0.0  0.0  0.0  0.0  0.0  0.0  0.0  0.3  0.9  1.3  1.7  2.1  2.6  2.9  3.2  3.5  4.0  4.3  4.6  4.9  5.2  5.4  5.7  5.9  6.1  6.4  6.5  6.7  6.9  7.0
 49 |  7.3  7.4  7.5  7.6  7.7  7.7  7.7  7.7  7.7  7.7  7.7  7.6  7.5  7.4  7.3  7.1  7.0  6.8  6.6  6.5  6.2  6.0  5.7  5.4  5.2  4.9  4.6  4.3  3.9  3.5  3.2  2.8  2.4  2.1  1.6  1.2  0.7  0.0  0.0  0.0  0.0  0.0  0.0  0.0  0.0  0.0  0.0  0.0  0.0  0.0  0.0  0.0  0.0  0.0  0.0  0.0  0.0  0.0  0.0  0.0  0.0  0.0  0.0  0.0  0.0  0.0  0.0  0.0  0.6  1.1  1.6  2.0  2.4  2.8  3.2  3.5  3.9  4.2  4.5  4.9  5.2  5.4  5.7  6.0  6.2  6.4  6.6  6.8  7.0  7.1
 47 |  7.3  7.5  7.6  7.7  7.7  7.8  7.8  7.8  7.8  7.8  7.7  7.7  7.6  7.5  7.3  7.2  7.0  6.9  6.7  6.5  6.2  6.0  5.7  5.4  5.2  4.9  4.6  4.2  3.9  3.5  3.1  2.7  2.3  1.9  1.4  0.9  0.3  0.0  0.0  0.0  0.0  0.0  0.0  0.0  0.0  0.0  0.0  0.0  0.0  0.0  0.0  0.0  0.0  0.0  0.0  0.0  0.0  0.0  0.0  0.0  0.0  0.0  0.0  0.0  0.0  0.0  0.0  0.0  0.3  0.9  1.4  1.8  2.3  2.7  3.1  3.4  3.9  4.2  4.5  4.8  5.2  5.4  5.7  6.0  6.2  6.5  6.6  6.9  7.0  7.2
 45 |  7.4  7.6  7.7  7.7  7.8  7.9  7.9  8.0  7.9  7.9  7.8  7.7  7.7  7.6  7.4  7.3  7.1  7.0  6.7  6.5  6.3  6.0  5.8  5.4  5.2  4.9  4.5  4.2  3.8  3.4  3.1  2.6  2.2  1.7  1.2  0.7  0.0  0.0  0.0  0.0  0.0  0.0  0.0  0.0  0.0  0.0  0.0  0.0  0.0  0.0  0.0  0.0  0.0  0.0  0.0  0.0  0.0  0.0  0.0  0.0  0.0  0.0  0.0  0.0  0.0  0.0  0.0  0.0  0.0  0.6  1.2  1.7  2.1  2.6  2.9  3.4  3.8  4.1  4.5  4.8  5.2  5.4  5.7  6.0  6.2  6.5  6.7  7.0  7.1  7.3
 43 |  7.5  7.7  7.7  7.8  7.9  8.0  8.0  8.0  8.0  8.0  7.9  7.8  7.7  7.7  7.5  7.3  7.2  7.0  6.8  6.5  6.3  6.0  5.8  5.4  5.2  4.8  4.5  4.1  3.8  3.3  2.9  2.6  2.1  1.6  1.0  0.4  0.0  0.0  0.0  0.0  0.0  0.0  0.0  0.0  0.0  0.0  0.0  0.0  0.0  0.0  0.0  0.0  0.0  0.0  0.0  0.0  0.0  0.0  0.0  0.0  0.0  0.0  0.0  0.0  0.0  0.0  0.0  0.0  0.0  0.3  1.0  1.5  2.0  2.4  2.8  3.3  3.6  4.1  4.5  4.8  5.2  5.4  5.7  6.0  6.3  6.5  6.7  7.0  7.2  7.3
 41 |  7.6  7.7  7.8  7.9  8.0  8.0  8.0  8.1  8.0  8.0  8.0  7.9  7.8  7.7  7.6  7.4  7.2  7.0  6.8  6.5  6.3  6.0  5.8  5.4  5.2  4.8  4.5  4.1  3.6  3.3  2.8  2.4  1.9  1.4  0.8  0.0  0.0  0.0  0.0  0.0  0.0  0.0  0.0  0.0  0.0  0.0  0.0  0.0  0.0  0.0  0.0  0.0  0.0  0.0  0.0  0.0  0.0  0.0  0.0  0.0  0.0  0.0  0.0  0.0  0.0  0.0  0.0  0.0  0.0  0.0  0.8  1.3  1.9  2.3  2.8  3.2  3.6  4.0  4.4  4.8  5.1  5.4  5.7  6.0  6.3  6.5  6.8  7.0  7.2  7.3
 39 |  7.6  7.7  7.9  8.0  8.0  8.1  8.1  8.1  8.1  8.1  8.0  8.0  7.9  7.7  7.6  7.4  7.3  7.0  6.9  6.6  6.4  6.0  5.8  5.4  5.2  4.8  4.4  4.0  3.6  3.2  2.7  2.3  1.8  1.2  0.6  0.0  0.0  0.0  0.0  0.0  0.0  0.0  0.0  0.0  0.0  0.0  0.0  0.0  0.0  0.0  0.0  0.0  0.0  0.0  0.0  0.0  0.0  0.0  0.0  0.0  0.0  0.0  0.0  0.0  0.0  0.0  0.0  0.0  0.0  0.0  0.5  1.2  1.7  2.2  2.7  3.1  3.5  4.0  4.4  4.7  5.1  5.4  5.7  6.0  6.3  6.5  6.8  7.0  7.3  7.4
 37 |  7.7  7.8  7.9  8.0  8.1  8.2  8.2  8.2  8.2  8.2  8.1  8.0  8.0  7.8  7.7  7.5  7.3  7.1  6.9  6.6  6.4  6.0  5.8  5.4  5.1  4.8  4.4  4.0  3.5  3.1  2.7  2.1  1.6  1.0  0.3  0.0  0.0  0.0  0.0  0.0  0.0  0.0  0.0  0.0  0.0  0.0  0.0  0.0  0.0  0.0  0.0  0.0  0.0  0.0  0.0  0.0  0.0  0.0  0.0  0.0  0.0  0.0  0.0  0.0  0.0  0.0  0.0  0.0  0.0  0.0  0.2  1.0  1.5  2.1  2.6  3.1  3.5  3.9  4.3  4.7  5.1  5.4  5.7  6.0  6.3  6.5  6.9  7.0  7.3  7.5
 35 |  7.7  7.8  8.0  8.0  8.1  8.2  8.3  8.3  8.3  8.2  8.2  8.0  8.0  7.8  7.7  7.5  7.3  7.1  6.9  6.6  6.4  6.0  5.8  5.4  5.1  4.7  4.3  3.9  3.4  2.9  2.6  2.0  1.5  0.8  0.0  0.0  0.0  0.0  0.0  0.0  0.0  0.0  0.0  0.0  0.0  0.0  0.0  0.0  0.0  0.0  0.0  0.0  0.0  0.0  0.0  0.0  0.0  0.0  0.0  0.0  0.0  0.0  0.0  0.0  0.0  0.0  0.0  0.0  0.0  0.0  0.0  0.7  1.4  1.9  2.4  2.9  3.4  3.9  4.3  4.7  5.1  5.3  5.7  6.0  6.3  6.6  6.9  7.1  7.3  7.5
 33 |  7.7  7.9  8.0  8.1  8.2  8.3  8.3  8.3  8.3  8.3  8.2  8.1  8.0  7.9  7.7  7.6  7.3  7.1  6.9  6.6  6.4  6.0  5.7  5.4  5.1  4.7  4.3  3.9  3.4  2.9  2.4  1.9  1.3  0.6  0.0  0.0  0.0  0.0  0.0  0.0  0.0  0.0  0.0  0.0  0.0  0.0  0.0  0.0  0.0  0.0  0.0  0.0  0.0  0.0  0.0  0.0  0.0  0.0  0.0  0.0  0.0  0.0  0.0  0.0  0.0  0.0  0.0  0.0  0.0  0.0  0.0  0.5  1.2  1.8  2.3  2.8  3.3  3.8  4.2  4.6  5.0  5.3  5.7  6.0  6.3  6.6  6.9  7.1  7.3  7.5
 31 |  7.7  7.9  8.0  8.1  8.2  8.3  8.3  8.3  8.3  8.3  8.3  8.1  8.0  7.9  7.7  7.6  7.3  7.1  6.9  6.6  6.4  6.0  5.7  5.3  5.0  4.6  4.2  3.8  3.3  2.8  2.3  1.7  1.1  0.4  0.0  0.0  0.0  0.0  0.0  0.0  0.0  0.0  0.0  0.0  0.0  0.0  0.0  0.0  0.0  0.0  0.0  0.0  0.0  0.0  0.0  0.0  0.0  0.0  0.0  0.0  0.0  0.0  0.0  0.0  0.0  0.0  0.0  0.0  0.0  0.0  0.0  0.2  1.0  1.7  2.3  2.7  3.2  3.6  4.2  4.6  5.0  5.3  5.7  6.0  6.3  6.6  6.9  7.1  7.3  7.6
 29 |  7.7  7.9  8.0  8.2  8.3  8.3  8.3  8.3  8.3  8.3  8.3  8.2  8.0  7.9  7.7  7.6  7.3  7.1  6.9  6.6  6.3  6.0  5.7  5.3  5.0  4.6  4.1  3.6  3.2  2.7  2.2  1.6  0.9  0.0  0.0  0.0  0.0  0.0  0.0  0.0  0.0  0.0  0.0  0.0  0.0  0.0  0.0  0.0  0.0  0.0  0.0  0.0  0.0  0.0  0.0  0.0  0.0  0.0  0.0  0.0  0.0  0.0  0.0  0.0  0.0  0.0  0.0  0.0  0.0  0.0  0.0  0.0  0.9  1.5  2.1  2.7  3.2  3.6  4.1  4.5  4.9  5.2  5.6  6.0  6.3  6.6  6.9  7.1  7.3  7.6
 27 |  7.7  7.9  8.0  8.2  8.3  8.3  8.3  8.4  8.3  8.3  8.3  8.2  8.0  8.0  7.7  7.6  7.3  7.1  6.9  6.6  6.3  6.0  5.6  5.2  4.9  4.5  4.1  3.6  3.1  2.6  2.1  1.4  0.7  0.0  0.0  0.0  0.0  0.0  0.0  0.0  0.0  0.0  0.0  0.0  0.0  0.0  0.0  0.0  0.0  0.0  0.0  0.0  0.0  0.0  0.0  0.0  0.0  0.0  0.0  0.0  0.0  0.0  0.0  0.0  0.0  0.0  0.0  0.0  0.0  0.0  0.0  0.0  0.6  1.4  2.0  2.6  3.1  3.5  4.0  4.5  4.9  5.2  5.6  6.0  6.3  6.5  6.9  7.1  7.3  7.6
 25 |  7.7  7.9  8.0  8.2  8.3  8.3  8.4  8.4  8.4  8.3  8.3  8.2  8.0  8.0  7.7  7.6  7.3  7.1  6.9  6.6  6.3  6.0  5.6  5.2  4.9  4.4  4.0  3.5  3.1  2.4  1.9  1.3  0.5  0.0  0.0  0.0  0.0  0.0  0.0  0.0  0.0  0.0  0.0  0.0  0.0  0.0  0.0  0.0  0.0  0.0  0.0  0.0  0.0  0.0  0.0  0.0  0.0  0.0  0.0  0.0  0.0  0.0  0.0  0.0  0.0  0.0  0.0  0.0  0.0  0.0  0.0  0.0  0.4  1.2  1.8  2.4  2.9  3.4  4.0  4.4  4.8  5.2  5.6  6.0  6.2  6.5  6.9  7.1  7.3  7.6
 23 |  7.7  7.9  8.0  8.2  8.3  8.3  8.4  8.4  8.4  8.3  8.3  8.2  8.0  8.0  7.7  7.6  7.3  7.1  6.9  6.5  6.3  6.0  5.6  5.2  4.8  4.4  3.9  3.4  2.9  2.4  1.8  1.1  0.3  0.0  0.0  0.0  0.0  0.0  0.0  0.0  0.0  0.0  0.0  0.0  0.0  0.0  0.0  0.0  0.0  0.0  0.0  0.0  0.0  0.0  0.0  0.0  0.0  0.0  0.0  0.0  0.0  0.0  0.0  0.0  0.0  0.0  0.0  0.0  0.0  0.0  0.0  0.0  0.1  1.0  1.7  2.3  2.8  3.4  3.9  4.3  4.8  5.2  5.5  5.9  6.2  6.5  6.8  7.1  7.3  7.6
 21 |  7.7  7.9  8.0  8.2  8.3  8.3  8.3  8.4  8.4  8.3  8.3  8.2  8.0  7.9  7.7  7.6  7.3  7.1  6.8  6.5  6.2  5.9  5.5  5.2  4.7  4.3  3.9  3.3  2.8  2.3  1.6  0.9  0.0  0.0  0.0  0.0  0.0  0.0  0.0  0.0  0.0  0.0  0.0  0.0  0.0  0.0  0.0  0.0  0.0  0.0  0.0  0.0  0.0  0.0  0.0  0.0  0.0  0.0  0.0  0.0  0.0  0.0  0.0  0.0  0.0  0.0  0.0  0.0  0.0  0.0  0.0  0.0  0.0  0.9  1.6  2.2  2.7  3.3  3.8  4.3  4.7  5.1  5.5  5.9  6.2  6.5  6.8  7.0  7.3  7.5
 19 |  7.7  7.9  8.0  8.2  8.3  8.3  8.3  8.4  8.3  8.3  8.3  8.2  8.0  7.9  7.7  7.5  7.3  7.0  6.8  6.5  6.2  5.9  5.4  5.1  4.7  4.2  3.8  3.3  2.7  2.1  1.5  0.8  0.0  0.0  0.0  0.0  0.0  0.0  0.0  0.0  0.0  0.0  0.0  0.0  0.0  0.0  0.0  0.0  0.0  0.0  0.0  0.0  0.0  0.0  0.0  0.0  0.0  0.0  0.0  0.0  0.0  0.0  0.0  0.0  0.0  0.0  0.0  0.0  0.0  0.0  0.0  0.0  0.0  0.7  1.4  2.1  2.7  3.2  3.6  4.2  4.6  5.1  5.4  5.8  6.1  6.5  6.8  7.0  7.3  7.5
 17 |  7.7  7.9  8.0  8.1  8.3  8.3  8.3  8.3  8.3  8.3  8.3  8.1  8.0  7.9  7.7  7.5  7.3  7.0  6.8  6.5  6.1  5.8  5.4  5.0  4.6  4.2  3.6  3.2  2.6  2.0  1.4  0.6  0.0  0.0  0.0  0.0  0.0  0.0  0.0  0.0  0.0  0.0  0.0  0.0  0.0  0.0  0.0  0.0  0.0  0.0  0.0  0.0  0.0  0.0  0.0  0.0  0.0  0.0  0.0  0.0  0.0  0.0  0.0  0.0  0.0  0.0  0.0  0.0  0.0  0.0  0.0  0.0  0.0  0.4  1.3  1.9  2.6  3.1  3.6  4.1  4.6  5.0  5.3  5.7  6.1  6.4  6.7  7.0  7.3  7.5
 15 |  7.7  7.8  8.0  8.1  8.2  8.3  8.3  8.3  8.3  8.3  8.2  8.1  8.0  7.8  7.7  7.5  7.3  7.0  6.7  6.4  6.0  5.7  5.3  5.0  4.5  4.1  3.5  3.1  2.4  1.9  1.2  0.3  0.0  0.0  0.0  0.0  0.0  0.0  0.0  0.0  0.0  0.0  0.0  0.0  0.0  0.0  0.0  0.0  0.0  0.0  0.0  0.0  0.0  0.0  0.0  0.0  0.0  0.0  0.0  0.0  0.0  0.0  0.0  0.0  0.0  0.0  0.0  0.0  0.0  0.0  0.0  0.0  0.0  0.2  1.1  1.8  2.4  2.9  3.5  4.0  4.5  4.9  5.3  5.7  6.0  6.4  6.7  7.0  7.2  7.4
 13 |  7.6  7.8  8.0  8.0  8.2  8.3  8.3  8.3  8.3  8.3  8.2  8.1  8.0  7.8  7.7  7.4  7.2  7.0  6.6  6.4  6.0  5.7  5.2  4.9  4.5  4.0  3.4  2.9  2.4  1.7  1.0  0.0  0.0  0.0  0.0  0.0  0.0  0.0  0.0  0.0  0.0  0.0  0.0  0.0  0.0  0.0  0.0  0.0  0.0  0.0  0.0  0.0  0.0  0.0  0.0  0.0  0.0  0.0  0.0  0.0  0.0  0.0  0.0  0.0  0.0  0.0  0.0  0.0  0.0  0.0  0.0  0.0  0.0  0.0  0.9  1.7  2.3  2.8  3.4  3.9  4.4  4.8  5.2  5.6  6.0  6.3  6.6  6.9  7.2  7.4
 11 |  7.6  7.7  7.9  8.0  8.1  8.2  8.3  8.3  8.3  8.2  8.1  8.0  7.9  7.7  7.6  7.3  7.1  6.9  6.6  6.3  6.0  5.6  5.2  4.8  4.4  3.9  3.4  2.8  2.3  1.6  0.9  0.0  0.0  0.0  0.0  0.0  0.0  0.0  0.0  0.0  0.0  0.0  0.0  0.0  0.0  0.0  0.0  0.0  0.0  0.0  0.0  0.0  0.0  0.0  0.0  0.0  0.0  0.0  0.0  0.0  0.0  0.0  0.0  0.0  0.0  0.0  0.0  0.0  0.0  0.0  0.0  0.0  0.0  0.0  0.7  1.5  2.2  2.8  3.3  3.9  4.3  4.8  5.2  5.5  5.9  6.2  6.5  6.9  7.1  7.3
  9 |  7.5  7.7  7.8  8.0  8.0  8.1  8.2  8.2  8.2  8.1  8.1  8.0  7.9  7.7  7.5  7.3  7.1  6.8  6.5  6.2  5.9  5.5  5.2  4.7  4.3  3.8  3.3  2.7  2.1  1.5  0.7  0.0  0.0  0.0  0.0  0.0  0.0  0.0  0.0  0.0  0.0  0.0  0.0  0.0  0.0  0.0  0.0  0.0  0.0  0.0  0.0  0.0  0.0  0.0  0.0  0.0  0.0  0.0  0.0  0.0  0.0  0.0  0.0  0.0  0.0  0.0  0.0  0.0  0.0  0.0  0.0  0.0  0.0  0.0  0.5  1.4  2.0  2.7  3.2  3.8  4.2  4.7  5.1  5.4  5.9  6.2  6.5  6.8  7.0  7.3
  7 |  7.4  7.6  7.8  7.9  8.0  8.1  8.1  8.1  8.1  8.1  8.0  7.9  7.8  7.7  7.4  7.3  7.0  6.8  6.5  6.1  5.8  5.4  5.1  4.6  4.2  3.6  3.2  2.6  2.0  1.3  0.4  0.0  0.0  0.0  0.0  0.0  0.0  0.0  0.0  0.0  0.0  0.0  0.0  0.0  0.0  0.0  0.0  0.0  0.0  0.0  0.0  0.0  0.0  0.0  0.0  0.0  0.0  0.0  0.0  0.0  0.0  0.0  0.0  0.0  0.0  0.0  0.0  0.0  0.0  0.0  0.0  0.0  0.0  0.0  0.3  1.2  1.9  2.6  3.1  3.6  4.1  4.6  5.0  5.4  5.8  6.1  6.5  6.7  7.0  7.2
  5 |  7.3  7.6  7.7  7.8  8.0  8.0  8.0  8.0  8.0  8.0  8.0  7.9  7.7  7.6  7.4  7.2  7.0  6.7  6.4  6.0  5.7  5.3  5.0  4.5  4.1  3.5  3.1  2.4  1.9  1.2  0.2  0.0  0.0  0.0  0.0  0.0  0.0  0.0  0.0  0.0  0.0  0.0  0.0  0.0  0.0  0.0  0.0  0.0  0.0  0.0  0.0  0.0  0.0  0.0  0.0  0.0  0.0  0.0  0.0  0.0  0.0  0.0  0.0  0.0  0.0  0.0  0.0  0.0  0.0  0.0  0.0  0.0  0.0  0.0  0.0  1.0  1.8  2.4  2.9  3.5  4.0  4.5  4.9  5.3  5.7  6.0  6.4  6.6  6.9  7.1
  3 |  7.3  7.5  7.7  7.7  7.9  8.0  8.0  8.0  8.0  8.0  7.9  7.8  7.7  7.5  7.3  7.1  6.9  6.6  6.3  6.0  5.6  5.2  4.9  4.4  4.0  3.4  2.9  2.3  1.7  1.0  0.0  0.0  0.0  0.0  0.0  0.0  0.0  0.0  0.0  0.0  0.0  0.0  0.0  0.0  0.0  0.0  0.0  0.0  0.0  0.0  0.0  0.0  0.0  0.0  0.0  0.0  0.0  0.0  0.0  0.0  0.0  0.0  0.0  0.0  0.0  0.0  0.0  0.0  0.0  0.0  0.0  0.0  0.0  0.0  0.0  0.9  1.6  2.3  2.8  3.4  3.9  4.4  4.8  5.2  5.6  6.0  6.3  6.5  6.8  7.0
  1 |  7.2  7.4  7.6  7.7  7.8  7.9  7.9  7.9  7.9  7.9  7.8  7.7  7.6  7.4  7.2  7.0  6.8  6.5  6.2  5.9  5.5  5.2  4.8  4.3  3.9  3.3  2.8  2.2  1.6  0.8  0.0  0.0  0.0  0.0  0.0  0.0  0.0  0.0  0.0  0.0  0.0  0.0  0.0  0.0  0.0  0.0  0.0  0.0  0.0  0.0  0.0  0.0  0.0  0.0  0.0  0.0  0.0  0.0  0.0  0.0  0.0  0.0  0.0  0.0  0.0  0.0  0.0  0.0  0.0  0.0  0.0  0.0  0.0  0.0  0.0  0.7  1.5  2.1  2.7  3.3  3.8  4.3  4.7  5.2  5.5  5.9  6.2  6.5  6.7  7.0
 -1 |  7.1  7.3  7.4  7.6  7.7  7.7  7.8  7.8  7.8  7.8  7.7  7.6  7.5  7.3  7.1  7.0  6.7  6.4  6.1  5.8  5.4  5.1  4.7  4.2  3.8  3.2  2.7  2.1  1.4  0.6  0.0  0.0  0.0  0.0  0.0  0.0  0.0  0.0  0.0  0.0  0.0  0.0  0.0  0.0  0.0  0.0  0.0  0.0  0.0  0.0  0.0  0.0  0.0  0.0  0.0  0.0  0.0  0.0  0.0  0.0  0.0  0.0  0.0  0.0  0.0  0.0  0.0  0.0  0.0  0.0  0.0  0.0  0.0  0.0  0.0  0.5  1.3  2.0  2.6  3.2  3.6  4.2  4.6  5.1  5.4  5.8  6.0  6.4  6.6  6.9
 -3 |  7.0  7.2  7.3  7.5  7.6  7.7  7.7  7.7  7.7  7.7  7.6  7.5  7.3  7.2  7.0  6.8  6.5  6.3  6.0  5.7  5.3  5.0  4.6  4.1  3.6  3.1  2.6  1.9  1.2  0.4  0.0  0.0  0.0  0.0  0.0  0.0  0.0  0.0  0.0  0.0  0.0  0.0  0.0  0.0  0.0  0.0  0.0  0.0  0.0  0.0  0.0  0.0  0.0  0.0  0.0  0.0  0.0  0.0  0.0  0.0  0.0  0.0  0.0  0.0  0.0  0.0  0.0  0.0  0.0  0.0  0.0  0.0  0.0  0.0  0.0  0.2  1.2  1.9  2.4  3.1  3.5  4.1  4.5  4.9  5.3  5.6  6.0  6.3  6.5  6.8
 -5 |  6.9  7.1  7.3  7.4  7.5  7.6  7.6  7.7  7.6  7.6  7.5  7.4  7.3  7.1  7.0  6.7  6.5  6.2  5.9  5.6  5.2  4.9  4.4  4.0  3.5  2.9  2.4  1.8  1.1  0.1  0.0  0.0  0.0  0.0  0.0  0.0  0.0  0.0  0.0  0.0  0.0  0.0  0.0  0.0  0.0  0.0  0.0  0.0  0.0  0.0  0.0  0.0  0.0  0.0  0.0  0.0  0.0  0.0  0.0  0.0  0.0  0.0  0.0  0.0  0.0  0.0  0.0  0.0  0.0  0.0  0.0  0.0  0.0  0.0  0.0  0.0  1.0  1.7  2.3  2.9  3.4  4.0  4.4  4.8  5.2  5.5  5.9  6.2  6.5  6.7
 -7 |  6.8  7.0  7.1  7.3  7.3  7.4  7.5  7.5  7.5  7.5  7.4  7.3  7.2  7.0  6.8  6.6  6.4  6.1  5.8  5.4  5.2  4.8  4.3  3.9  3.4  2.8  2.3  1.6  0.9  0.0  0.0  0.0  0.0  0.0  0.0  0.0  0.0  0.0  0.0  0.0  0.0  0.0  0.0  0.0  0.0  0.0  0.0  0.0  0.0  0.0  0.0  0.0  0.0  0.0  0.0  0.0  0.0  0.0  0.0  0.0  0.0  0.0  0.0  0.0  0.0  0.0  0.0  0.0  0.0  0.0  0.0  0.0  0.0  0.0  0.0  0.0  0.8  1.6  2.2  2.8  3.3  3.8  4.3  4.7  5.1  5.4  5.8  6.0  6.3  6.5
 -9 |  6.7  6.9  7.0  7.2  7.3  7.3  7.3  7.4  7.4  7.3  7.3  7.2  7.0  6.9  6.7  6.5  6.2  6.0  5.7  5.3  5.0  4.6  4.2  3.8  3.3  2.7  2.1  1.5  0.7  0.0  0.0  0.0  0.0  0.0  0.0  0.0  0.0  0.0  0.0  0.0  0.0  0.0  0.0  0.0  0.0  0.0  0.0  0.0  0.0  0.0  0.0  0.0  0.0  0.0  0.0  0.0  0.0  0.0  0.0  0.0  0.0  0.0  0.0  0.0  0.0  0.0  0.0  0.0  0.0  0.0  0.0  0.0  0.0  0.0  0.0  0.0  0.6  1.4  2.1  2.7  3.2  3.6  4.2  4.6  5.0  5.3  5.6  6.0  6.2  6.5
-11 |  6.5  6.7  6.9  7.0  7.1  7.2  7.3  7.3  7.3  7.2  7.1  7.0  7.0  6.8  6.5  6.4  6.1  5.9  5.5  5.2  4.9  4.5  4.1  3.6  3.1  2.6  2.0  1.3  0.5  0.0  0.0  0.0  0.0  0.0  0.0  0.0  0.0  0.0  0.0  0.0  0.0  0.0  0.0  0.0  0.0  0.0  0.0  0.0  0.0  0.0  0.0  0.0  0.0  0.0  0.0  0.0  0.0  0.0  0.0  0.0  0.0  0.0  0.0  0.0  0.0  0.0  0.0  0.0  0.0  0.0  0.0  0.0  0.0  0.0  0.0  0.0  0.4  1.2  1.9  2.6  3.1  3.5  4.0  4.4  4.8  5.2  5.5  5.8  6.1  6.3
-13 |  6.4  6.6  6.8  6.9  7.0  7.1  7.1  7.1  7.1  7.1  7.0  7.0  6.8  6.6  6.5  6.2  6.0  5.7  5.4  5.1  4.8  4.4  4.0  3.4  2.9  2.4  1.8  1.2  0.3  0.0  0.0  0.0  0.0  0.0  0.0  0.0  0.0  0.0  0.0  0.0  0.0  0.0  0.0  0.0  0.0  0.0  0.0  0.0  0.0  0.0  0.0  0.0  0.0  0.0  0.0  0.0  0.0  0.0  0.0  0.0  0.0  0.0  0.0  0.0  0.0  0.0  0.0  0.0  0.0  0.0  0.0  0.0  0.0  0.0  0.0  0.0  0.1  1.1  1.8  2.3  2.9  3.4  3.9  4.3  4.7  5.1  5.3  5.7  6.0  6.2
-15 |  6.3  6.5  6.6  6.8  6.9  7.0  7.0  7.0  7.0  7.0  6.9  6.8  6.6  6.5  6.3  6.1  5.9  5.6  5.2  5.0  4.6  4.2  3.8  3.3  2.8  2.3  1.7  1.0  0.0  0.0  0.0  0.0  0.0  0.0  0.0  0.0  0.0  0.0  0.0  0.0  0.0  0.0  0.0  0.0  0.0  0.0  0.0  0.0  0.0  0.0  0.0  0.0  0.0  0.0  0.0  0.0  0.0  0.0  0.0  0.0  0.0  0.0  0.0  0.0  0.0  0.0  0.0  0.0  0.0  0.0  0.0  0.0  0.0  0.0  0.0  0.0  0.0  0.9  1.6  2.2  2.8  3.3  3.8  4.2  4.6  4.9  5.2  5.5  5.8  6.0
-17 |  6.1  6.3  6.5  6.6  6.7  6.8  6.9  6.9  6.9  6.8  6.7  6.6  6.5  6.4  6.1  6.0  5.7  5.4  5.2  4.8  4.5  4.1  3.6  3.2  2.7  2.1  1.5  0.8  0.0  0.0  0.0  0.0  0.0  0.0  0.0  0.0  0.0  0.0  0.0  0.0  0.0  0.0  0.0  0.0  0.0  0.0  0.0  0.0  0.0  0.0  0.0  0.0  0.0  0.0  0.0  0.0  0.0  0.0  0.0  0.0  0.0  0.0  0.0  0.0  0.0  0.0  0.0  0.0  0.0  0.0  0.0  0.0  0.0  0.0  0.0  0.0  0.0  0.7  1.4  2.1  2.6  3.1  3.5  4.0  4.4  4.8  5.1  5.4  5.7  6.0
-19 |  6.0  6.2  6.3  6.5  6.5  6.6  6.7  6.7  6.7  6.6  6.5  6.5  6.4  6.2  6.0  5.8  5.5  5.2  5.0  4.7  4.3  3.9  3.5  3.1  2.6  2.0  1.3  0.6  0.0  0.0  0.0  0.0  0.0  0.0  0.0  0.0  0.0  0.0  0.0  0.0  0.0  0.0  0.0  0.0  0.0  0.0  0.0  0.0  0.0  0.0  0.0  0.0  0.0  0.0  0.0  0.0  0.0  0.0  0.0  0.0  0.0  0.0  0.0  0.0  0.0  0.0  0.0  0.0  0.0  0.0  0.0  0.0  0.0  0.0  0.0  0.0  0.0  0.4  1.2  1.9  2.4  2.9  3.4  3.9  4.3  4.6  5.0  5.2  5.5  5.8
-21 |  5.8  6.0  6.2  6.3  6.4  6.5  6.5  6.5  6.5  6.5  6.4  6.3  6.2  6.0  5.9  5.6  5.4  5.2  4.9  4.5  4.2  3.8  3.3  2.8  2.3  1.8  1.2  0.3  0.0  0.0  0.0  0.0  0.0  0.0  0.0  0.0  0.0  0.0  0.0  0.0  0.0  0.0  0.0  0.0  0.0  0.0  0.0  0.0  0.0  0.0  0.0  0.0  0.0  0.0  0.0  0.0  0.0  0.0  0.0  0.0  0.0  0.0  0.0  0.0  0.0  0.0  0.0  0.0  0.0  0.0  0.0  0.0  0.0  0.0  0.0  0.0  0.0  0.2  1.1  1.7  2.3  2.8  3.3  3.8  4.1  4.5  4.8  5.1  5.3  5.6
-23 |  5.7  5.9  6.0  6.1  6.2  6.3  6.4  6.4  6.4  6.3  6.2  6.1  6.0  5.9  5.7  5.5  5.2  5.0  4.7  4.4  4.0  3.6  3.2  2.7  2.2  1.6  0.9  0.0  0.0  0.0  0.0  0.0  0.0  0.0  0.0  0.0  0.0  0.0  0.0  0.0  0.0  0.0  0.0  0.0  0.0  0.0  0.0  0.0  0.0  0.0  0.0  0.0  0.0  0.0  0.0  0.0  0.0  0.0  0.0  0.0  0.0  0.0  0.0  0.0  0.0  0.0  0.0  0.0  0.0  0.0  0.0  0.0  0.0  0.0  0.0  0.0  0.0  0.0  0.9  1.5  2.1  2.7  3.1  3.5  4.0  4.3  4.7  5.0  5.2  5.4
-25 |  5.5  5.7  5.9  6.0  6.0  6.1  6.2  6.2  6.2  6.1  6.0  6.0  5.9  5.7  5.5  5.3  5.1  4.8  4.5  4.2  3.9  3.4  2.9  2.6  2.0  1.4  0.7  0.0  0.0  0.0  0.0  0.0  0.0  0.0  0.0  0.0  0.0  0.0  0.0  0.0  0.0  0.0  0.0  0.0  0.0  0.0  0.0  0.0  0.0  0.0  0.0  0.0  0.0  0.0  0.0  0.0  0.0  0.0  0.0  0.0  0.0  0.0  0.0  0.0  0.0  0.0  0.0  0.0  0.0  0.0  0.0  0.0  0.0  0.0  0.0  0.0  0.0  0.0  0.6  1.4  1.9  2.4  2.9  3.4  3.8  4.2  4.5  4.8  5.1  5.2
-27 |  5.3  5.5  5.6  5.8  5.9  6.0  6.0  6.0  6.0  6.0  5.9  5.8  5.7  5.5  5.3  5.2  4.9  4.6  4.3  4.0  3.6  3.3  2.8  2.3  1.8  1.2  0.5  0.0  0.0  0.0  0.0  0.0  0.0  0.0  0.0  0.0  0.0  0.0  0.0  0.0  0.0  0.0  0.0  0.0  0.0  0.0  0.0  0.0  0.0  0.0  0.0  0.0  0.0  0.0  0.0  0.0  0.0  0.0  0.0  0.0  0.0  0.0  0.0  0.0  0.0  0.0  0.0  0.0  0.0  0.0  0.0  0.0  0.0  0.0  0.0  0.0  0.0  0.0  0.4  1.2  1.8  2.3  2.8  3.2  3.6  4.0  4.3  4.6  4.9  5.1
-29 |  5.2  5.3  5.4  5.6  5.7  5.8  5.8  5.8  5.8  5.8  5.7  5.6  5.5  5.3  5.2  5.0  4.7  4.5  4.2  3.9  3.4  3.1  2.7  2.2  1.6  1.0  0.2  0.0  0.0  0.0  0.0  0.0  0.0  0.0  0.0  0.0  0.0  0.0  0.0  0.0  0.0  0.0  0.0  0.0  0.0  0.0  0.0  0.0  0.0  0.0  0.0  0.0  0.0  0.0  0.0  0.0  0.0  0.0  0.0  0.0  0.0  0.0  0.0  0.0  0.0  0.0  0.0  0.0  0.0  0.0  0.0  0.0  0.0  0.0  0.0  0.0  0.0  0.0  0.0  0.9  1.6  2.1  2.6  3.1  3.4  3.8  4.1  4.4  4.7  4.9
-31 |  5.0  5.2  5.2  5.4  5.5  5.5  5.6  5.6  5.6  5.6  5.5  5.4  5.2  5.2  5.0  4.8  4.5  4.3  4.0  3.6  3.3  2.9  2.4  2.0  1.4  0.8  0.0  0.0  0.0  0.0  0.0  0.0  0.0  0.0  0.0  0.0  0.0  0.0  0.0  0.0  0.0  0.0  0.0  0.0  0.0  0.0  0.0  0.0  0.0  0.0  0.0  0.0  0.0  0.0  0.0  0.0  0.0  0.0  0.0  0.0  0.0  0.0  0.0  0.0  0.0  0.0  0.0  0.0  0.0  0.0  0.0  0.0  0.0  0.0  0.0  0.0  0.0  0.0  0.0  0.7  1.4  1.9  2.4  2.8  3.2  3.6  4.0  4.2  4.5  4.7
-33 |  4.8  4.9  5.1  5.2  5.2  5.3  5.4  5.4  5.4  5.3  5.3  5.2  5.1  5.0  4.8  4.6  4.3  4.1  3.8  3.4  3.1  2.7  2.3  1.8  1.2  0.6  0.0  0.0  0.0  0.0  0.0  0.0  0.0  0.0  0.0  0.0  0.0  0.0  0.0  0.0  0.0  0.0  0.0  0.0  0.0  0.0  0.0  0.0  0.0  0.0  0.0  0.0  0.0  0.0  0.0  0.0  0.0  0.0  0.0  0.0  0.0  0.0  0.0  0.0  0.0  0.0  0.0  0.0  0.0  0.0  0.0  0.0  0.0  0.0  0.0  0.0  0.0  0.0  0.0  0.5  1.2  1.7  2.2  2.7  3.1  3.4  3.8  4.0  4.3  4.5
-35 |  4.5  4.7  4.9  5.0  5.1  5.2  5.2  5.2  5.2  5.2  5.1  5.0  4.9  4.7  4.6  4.4  4.1  3.9  3.5  3.2  2.9  2.4  2.1  1.6  1.0  0.3  0.0  0.0  0.0  0.0  0.0  0.0  0.0  0.0  0.0  0.0  0.0  0.0  0.0  0.0  0.0  0.0  0.0  0.0  0.0  0.0  0.0  0.0  0.0  0.0  0.0  0.0  0.0  0.0  0.0  0.0  0.0  0.0  0.0  0.0  0.0  0.0  0.0  0.0  0.0  0.0  0.0  0.0  0.0  0.0  0.0  0.0  0.0  0.0  0.0  0.0  0.0  0.0  0.0  0.1  0.9  1.5  2.0  2.4  2.8  3.2  3.5  3.9  4.1  4.3
-37 |  4.3  4.5  4.7  4.8  4.9  4.9  5.0  5.0  5.0  5.0  4.9  4.8  4.7  4.5  4.3  4.2  3.9  3.6  3.3  3.1  2.7  2.3  1.9  1.4  0.8  0.0  0.0  0.0  0.0  0.0  0.0  0.0  0.0  0.0  0.0  0.0  0.0  0.0  0.0  0.0  0.0  0.0  0.0  0.0  0.0  0.0  0.0  0.0  0.0  0.0  0.0  0.0  0.0  0.0  0.0  0.0  0.0  0.0  0.0  0.0  0.0  0.0  0.0  0.0  0.0  0.0  0.0  0.0  0.0  0.0  0.0  0.0  0.0  0.0  0.0  0.0  0.0  0.0  0.0  0.0  0.7  1.3  1.8  2.3  2.7  2.9  3.3  3.6  3.9  4.1
-39 |  4.1  4.3  4.4  4.5  4.6  4.7  4.8  4.8  4.8  4.7  4.6  4.6  4.4  4.3  4.1  3.9  3.6  3.4  3.2  2.8  2.4  2.1  1.6  1.1  0.5  0.0  0.0  0.0  0.0  0.0  0.0  0.0  0.0  0.0  0.0  0.0  0.0  0.0  0.0  0.0  0.0  0.0  0.0  0.0  0.0  0.0  0.0  0.0  0.0  0.0  0.0  0.0  0.0  0.0  0.0  0.0  0.0  0.0  0.0  0.0  0.0  0.0  0.0  0.0  0.0  0.0  0.0  0.0  0.0  0.0  0.0  0.0  0.0  0.0  0.0  0.0  0.0  0.0  0.0  0.0  0.4  1.1  1.6  2.0  2.4  2.8  3.1  3.4  3.6  3.9
-41 |  3.9  4.1  4.2  4.3  4.4  4.5  4.5  4.5  4.5  4.5  4.4  4.3  4.2  4.1  3.9  3.6  3.4  3.2  2.9  2.6  2.3  1.9  1.4  0.9  0.2  0.0  0.0  0.0  0.0  0.0  0.0  0.0  0.0  0.0  0.0  0.0  0.0  0.0  0.0  0.0  0.0  0.0  0.0  0.0  0.0  0.0  0.0  0.0  0.0  0.0  0.0  0.0  0.0  0.0  0.0  0.0  0.0  0.0  0.0  0.0  0.0  0.0  0.0  0.0  0.0  0.0  0.0  0.0  0.0  0.0  0.0  0.0  0.0  0.0  0.0  0.0  0.0  0.0  0.0  0.0  0.0  0.8  1.3  1.8  2.2  2.6  2.8  3.2  3.4  3.6
-43 |  3.6  3.8  4.0  4.1  4.2  4.2  4.3  4.3  4.3  4.2  4.2  4.1  4.0  3.8  3.6  3.4  3.2  2.9  2.7  2.3  2.0  1.6  1.2  0.6  0.0  0.0  0.0  0.0  0.0  0.0  0.0  0.0  0.0  0.0  0.0  0.0  0.0  0.0  0.0  0.0  0.0  0.0  0.0  0.0  0.0  0.0  0.0  0.0  0.0  0.0  0.0  0.0  0.0  0.0  0.0  0.0  0.0  0.0  0.0  0.0  0.0  0.0  0.0  0.0  0.0  0.0  0.0  0.0  0.0  0.0  0.0  0.0  0.0  0.0  0.0  0.0  0.0  0.0  0.0  0.0  0.0  0.5  1.1  1.6  2.0  2.3  2.7  2.9  3.2  3.4
-45 |  3.3  3.5  3.6  3.8  3.9  4.0  4.0  4.0  4.0  4.0  3.9  3.8  3.6  3.5  3.4  3.2  2.9  2.7  2.4  2.1  1.8  1.4  0.9  0.3  0.0  0.0  0.0  0.0  0.0  0.0  0.0  0.0  0.0  0.0  0.0  0.0  0.0  0.0  0.0  0.0  0.0  0.0  0.0  0.0  0.0  0.0  0.0  0.0  0.0  0.0  0.0  0.0  0.0  0.0  0.0  0.0  0.0  0.0  0.0  0.0  0.0  0.0  0.0  0.0  0.0  0.0  0.0  0.0  0.0  0.0  0.0  0.0  0.0  0.0  0.0  0.0  0.0  0.0  0.0  0.0  0.0  0.2  0.8  1.3  1.7  2.1  2.4  2.7  2.9  3.2
-47 |  3.1  3.3  3.4  3.5  3.6  3.6  3.8  3.8  3.8  3.6  3.6  3.5  3.4  3.3  3.1  2.9  2.7  2.4  2.2  1.9  1.5  1.1  0.6  0.0  0.0  0.0  0.0  0.0  0.0  0.0  0.0  0.0  0.0  0.0  0.0  0.0  0.0  0.0  0.0  0.0  0.0  0.0  0.0  0.0  0.0  0.0  0.0  0.0  0.0  0.0  0.0  0.0  0.0  0.0  0.0  0.0  0.0  0.0  0.0  0.0  0.0  0.0  0.0  0.0  0.0  0.0  0.0  0.0  0.0  0.0  0.0  0.0  0.0  0.0  0.0  0.0  0.0  0.0  0.0  0.0  0.0  0.0  0.5  1.0  1.5  1.8  2.1  2.4  2.7  2.9
-49 |  2.8  2.9  3.2  3.3  3.3  3.4  3.4  3.4  3.4  3.4  3.3  3.3  3.2  3.1  2.8  2.7  2.4  2.2  1.9  1.6  1.2  0.8  0.2  0.0  0.0  0.0  0.0  0.0  0.0  0.0  0.0  0.0  0.0  0.0  0.0  0.0  0.0  0.0  0.0  0.0  0.0  0.0  0.0  0.0  0.0  0.0  0.0  0.0  0.0  0.0  0.0  0.0  0.0  0.0  0.0  0.0  0.0  0.0  0.0  0.0  0.0  0.0  0.0  0.0  0.0  0.0  0.0  0.0  0.0  0.0  0.0  0.0  0.0  0.0  0.0  0.0  0.0  0.0  0.0  0.0  0.0  0.0  0.1  0.7  1.2  1.5  1.9  2.2  2.4  2.7
-51 |  2.6  2.7  2.8  2.9  3.1  3.1  3.2  3.2  3.2  3.2  3.1  2.9  2.8  2.7  2.6  2.4  2.2  1.9  1.6  1.3  0.9  0.5  0.0  0.0  0.0  0.0  0.0  0.0  0.0  0.0  0.0  0.0  0.0  0.0  0.0  0.0  0.0  0.0  0.0  0.0  0.0  0.0  0.0  0.0  0.0  0.0  0.0  0.0  0.0  0.0  0.0  0.0  0.0  0.0  0.0  0.0  0.0  0.0  0.0  0.0  0.0  0.0  0.0  0.0  0.0  0.0  0.0  0.0  0.0  0.0  0.0  0.0  0.0  0.0  0.0  0.0  0.0  0.0  0.0  0.0  0.0  0.0  0.0  0.4  0.9  1.3  1.6  1.9  2.1  2.3
-53 |  2.3  2.4  2.6  2.7  2.8  2.8  2.8  2.8  2.8  2.8  2.8  2.7  2.6  2.4  2.3  2.1  1.9  1.6  1.3  1.0  0.6  0.0  0.0  0.0  0.0  0.0  0.0  0.0  0.0  0.0  0.0  0.0  0.0  0.0  0.0  0.0  0.0  0.0  0.0  0.0  0.0  0.0  0.0  0.0  0.0  0.0  0.0  0.0  0.0  0.0  0.0  0.0  0.0  0.0  0.0  0.0  0.0  0.0  0.0  0.0  0.0  0.0  0.0  0.0  0.0  0.0  0.0  0.0  0.0  0.0  0.0  0.0  0.0  0.0  0.0  0.0  0.0  0.0  0.0  0.0  0.0  0.0  0.0  0.0  0.5  1.0  1.3  1.6  1.8  2.1
-55 |  1.9  2.1  2.3  2.4  2.4  2.6  2.6  2.6  2.6  2.6  2.4  2.4  2.3  2.1  2.0  1.8  1.6  1.3  1.0  0.7  0.2  0.0  0.0  0.0  0.0  0.0  0.0  0.0  0.0  0.0  0.0  0.0  0.0  0.0  0.0  0.0  0.0  0.0  0.0  0.0  0.0  0.0  0.0  0.0  0.0  0.0  0.0  0.0  0.0  0.0  0.0  0.0  0.0  0.0  0.0  0.0  0.0  0.0  0.0  0.0  0.0  0.0  0.0  0.0  0.0  0.0  0.0  0.0  0.0  0.0  0.0  0.0  0.0  0.0  0.0  0.0  0.0  0.0  0.0  0.0  0.0  0.0  0.0  0.0  0.1  0.6  1.0  1.3  1.5  1.8
-57 |  1.6  1.8  1.9  2.0  2.1  2.2  2.2  2.3  2.3  2.2  2.1  2.1  1.9  1.8  1.6  1.5  1.2  1.0  0.6  0.2  0.0  0.0  0.0  0.0  0.0  0.0  0.0  0.0  0.0  0.0  0.0  0.0  0.0  0.0  0.0  0.0  0.0  0.0  0.0  0.0  0.0  0.0  0.0  0.0  0.0  0.0  0.0  0.0  0.0  0.0  0.0  0.0  0.0  0.0  0.0  0.0  0.0  0.0  0.0  0.0  0.0  0.0  0.0  0.0  0.0  0.0  0.0  0.0  0.0  0.0  0.0  0.0  0.0  0.0  0.0  0.0  0.0  0.0  0.0  0.0  0.0  0.0  0.0  0.0  0.0  0.1  0.6  0.9  1.2  1.4
-59 |  1.3  1.4  1.6  1.7  1.8  1.8  1.9  1.9  1.9  1.8  1.8  1.7  1.6  1.5  1.3  1.1  0.9  0.6  0.2  0.0  0.0  0.0  0.0  0.0  0.0  0.0  0.0  0.0  0.0  0.0  0.0  0.0  0.0  0.0  0.0  0.0  0.0  0.0  0.0  0.0  0.0  0.0  0.0  0.0  0.0  0.0  0.0  0.0  0.0  0.0  0.0  0.0  0.0  0.0  0.0  0.0  0.0  0.0  0.0  0.0  0.0  0.0  0.0  0.0  0.0  0.0  0.0  0.0  0.0  0.0  0.0  0.0  0.0  0.0  0.0  0.0  0.0  0.0  0.0  0.0  0.0  0.0  0.0  0.0  0.0  0.0  0.1  0.5  0.8  1.1
-61 |  0.9  1.1  1.2  1.3  1.4  1.5  1.5  1.5  1.5  1.5  1.4  1.3  1.2  1.1  0.9  0.7  0.4  0.0  0.0  0.0  0.0  0.0  0.0  0.0  0.0  0.0  0.0  0.0  0.0  0.0  0.0  0.0  0.0  0.0  0.0  0.0  0.0  0.0  0.0  0.0  0.0  0.0  0.0  0.0  0.0  0.0  0.0  0.0  0.0  0.0  0.0  0.0  0.0  0.0  0.0  0.0  0.0  0.0  0.0  0.0  0.0  0.0  0.0  0.0  0.0  0.0  0.0  0.0  0.0  0.0  0.0  0.0  0.0  0.0  0.0  0.0  0.0  0.0  0.0  0.0  0.0  0.0  0.0  0.0  0.0  0.0  0.0  0.0  0.4  0.7
-63 |  0.4  0.6  0.8  0.9  1.0  1.1  1.1  1.1  1.1  1.1  1.0  0.9  0.8  0.6  0.4  0.2  0.0  0.0  0.0  0.0  0.0  0.0  0.0  0.0  0.0  0.0  0.0  0.0  0.0  0.0  0.0  0.0  0.0  0.0  0.0  0.0  0.0  0.0  0.0  0.0  0.0  0.0  0.0  0.0  0.0  0.0  0.0  0.0  0.0  0.0  0.0  0.0  0.0  0.0  0.0  0.0  0.0  0.0  0.0  0.0  0.0  0.0  0.0  0.0  0.0  0.0  0.0  0.0  0.0  0.0  0.0  0.0  0.0  0.0  0.0  0.0  0.0  0.0  0.0  0.0  0.0  0.0  0.0  0.0  0.0  0.0  0.0  0.0  0.0  0.1
-65 |  0.0  0.0  0.2  0.4  0.5  0.6  0.6  0.7  0.6  0.6  0.5  0.4  0.3  0.0  0.0  0.0  0.0  0.0  0.0  0.0  0.0  0.0  0.0  0.0  0.0  0.0  0.0  0.0  0.0  0.0  0.0  0.0  0.0  0.0  0.0  0.0  0.0  0.0  0.0  0.0  0.0  0.0  0.0  0.0  0.0  0.0  0.0  0.0  0.0  0.0  0.0  0.0  0.0  0.0  0.0  0.0  0.0  0.0  0.0  0.0  0.0  0.0  0.0  0.0  0.0  0.0  0.0  0.0  0.0  0.0  0.0  0.0  0.0  0.0  0.0  0.0  0.0  0.0  0.0  0.0  0.0  0.0  0.0  0.0  0.0  0.0  0.0  0.0  0.0  0.0
-67 |  0.0  0.0  0.0  0.0  0.0  0.0  0.0  0.0  0.0  0.0  0.0  0.0  0.0  0.0  0.0  0.0  0.0  0.0  0.0  0.0  0.0  0.0  0.0  0.0  0.0  0.0  0.0  0.0  0.0  0.0  0.0  0.0  0.0  0.0  0.0  0.0  0.0  0.0  0.0  0.0  0.0  0.0  0.0  0.0  0.0  0.0  0.0  0.0  0.0  0.0  0.0  0.0  0.0  0.0  0.0  0.0  0.0  0.0  0.0  0.0  0.0  0.0  0.0  0.0  0.0  0.0  0.0  0.0  0.0  0.0  0.0  0.0  0.0  0.0  0.0  0.0  0.0  0.0  0.0  0.0  0.0  0.0  0.0  0.0  0.0  0.0  0.0  0.0  0.0  0.0
-69 |  0.0  0.0  0.0  0.0  0.0  0.0  0.0  0.0  0.0  0.0  0.0  0.0  0.0  0.0  0.0  0.0  0.0  0.0  0.0  0.0  0.0  0.0  0.0  0.0  0.0  0.0  0.0  0.0  0.0  0.0  0.0  0.0  0.0  0.0  0.0  0.0  0.0  0.0  0.0  0.0  0.0  0.0  0.0  0.0  0.0  0.0  0.0  0.0  0.0  0.0  0.0  0.0  0.0  0.0  0.0  0.0  0.0  0.0  0.0  0.0  0.0  0.0  0.0  0.0  0.0  0.0  0.0  0.0  0.0  0.0  0.0  0.0  0.0  0.0  0.0  0.0  0.0  0.0  0.0  0.0  0.0  0.0  0.0  0.0  0.0  0.0  0.0  0.0  0.0  0.0
-71 |  0.0  0.0  0.0  0.0  0.0  0.0  0.0  0.0  0.0  0.0  0.0  0.0  0.0  0.0  0.0  0.0  0.0  0.0  0.0  0.0  0.0  0.0  0.0  0.0  0.0  0.0  0.0  0.0  0.0  0.0  0.0  0.0  0.0  0.0  0.0  0.0  0.0  0.0  0.0  0.0  0.0  0.0  0.0  0.0  0.0  0.0  0.0  0.0  0.0  0.0  0.0  0.0  0.0  0.0  0.0  0.0  0.0  0.0  0.0  0.0  0.0  0.0  0.0  0.0  0.0  0.0  0.0  0.0  0.0  0.0  0.0  0.0  0.0  0.0  0.0  0.0  0.0  0.0  0.0  0.0  0.0  0.0  0.0  0.0  0.0  0.0  0.0  0.0  0.0  0.0
-73 |  0.0  0.0  0.0  0.0  0.0  0.0  0.0  0.0  0.0  0.0  0.0  0.0  0.0  0.0  0.0  0.0  0.0  0.0  0.0  0.0  0.0  0.0  0.0  0.0  0.0  0.0  0.0  0.0  0.0  0.0  0.0  0.0  0.0  0.0  0.0  0.0  0.0  0.0  0.0  0.0  0.0  0.0  0.0  0.0  0.0  0.0  0.0  0.0  0.0  0.0  0.0  0.0  0.0  0.0  0.0  0.0  0.0  0.0  0.0  0.0  0.0  0.0  0.0  0.0  0.0  0.0  0.0  0.0  0.0  0.0  0.0  0.0  0.0  0.0  0.0  0.0  0.0  0.0  0.0  0.0  0.0  0.0  0.0  0.0  0.0  0.0  0.0  0.0  0.0  0.0
-75 |  0.0  0.0  0.0  0.0  0.0  0.0  0.0  0.0  0.0  0.0  0.0  0.0  0.0  0.0  0.0  0.0  0.0  0.0  0.0  0.0  0.0  0.0  0.0  0.0  0.0  0.0  0.0  0.0  0.0  0.0  0.0  0.0  0.0  0.0  0.0  0.0  0.0  0.0  0.0  0.0  0.0  0.0  0.0  0.0  0.0  0.0  0.0  0.0  0.0  0.0  0.0  0.0  0.0  0.0  0.0  0.0  0.0  0.0  0.0  0.0  0.0  0.0  0.0  0.0  0.0  0.0  0.0  0.0  0.0  0.0  0.0  0.0  0.0  0.0  0.0  0.0  0.0  0.0  0.0  0.0  0.0  0.0  0.0  0.0  0.0  0.0  0.0  0.0  0.0  0.0
-77 |  0.0  0.0  0.0  0.0  0.0  0.0  0.0  0.0  0.0  0.0  0.0  0.0  0.0  0.0  0.0  0.0  0.0  0.0  0.0  0.0  0.0  0.0  0.0  0.0  0.0  0.0  0.0  0.0  0.0  0.0  0.0  0.0  0.0  0.0  0.0  0.0  0.0  0.0  0.0  0.0  0.0  0.0  0.0  0.0  0.0  0.0  0.0  0.0  0.0  0.0  0.0  0.0  0.0  0.0  0.0  0.0  0.0  0.0  0.0  0.0  0.0  0.0  0.0  0.0  0.0  0.0  0.0  0.0  0.0  0.0  0.0  0.0  0.0  0.0  0.0  0.0  0.0  0.0  0.0  0.0  0.0  0.0  0.0  0.0  0.0  0.0  0.0  0.0  0.0  0.0
-79 |  0.0  0.0  0.0  0.0  0.0  0.0  0.0  0.0  0.0  0.0  0.0  0.0  0.0  0.0  0.0  0.0  0.0  0.0  0.0  0.0  0.0  0.0  0.0  0.0  0.0  0.0  0.0  0.0  0.0  0.0  0.0  0.0  0.0  0.0  0.0  0.0  0.0  0.0  0.0  0.0  0.0  0.0  0.0  0.0  0.0  0.0  0.0  0.0  0.0  0.0  0.0  0.0  0.0  0.0  0.0  0.0  0.0  0.0  0.0  0.0  0.0  0.0  0.0  0.0  0.0  0.0  0.0  0.0  0.0  0.0  0.0  0.0  0.0  0.0  0.0  0.0  0.0  0.0  0.0  0.0  0.0  0.0  0.0  0.0  0.0  0.0  0.0  0.0  0.0  0.0
-81 |  0.0  0.0  0.0  0.0  0.0  0.0  0.0  0.0  0.0  0.0  0.0  0.0  0.0  0.0  0.0  0.0  0.0  0.0  0.0  0.0  0.0  0.0  0.0  0.0  0.0  0.0  0.0  0.0  0.0  0.0  0.0  0.0  0.0  0.0  0.0  0.0  0.0  0.0  0.0  0.0  0.0  0.0  0.0  0.0  0.0  0.0  0.0  0.0  0.0  0.0  0.0  0.0  0.0  0.0  0.0  0.0  0.0  0.0  0.0  0.0  0.0  0.0  0.0  0.0  0.0  0.0  0.0  0.0  0.0  0.0  0.0  0.0  0.0  0.0  0.0  0.0  0.0  0.0  0.0  0.0  0.0  0.0  0.0  0.0  0.0  0.0  0.0  0.0  0.0  0.0
-83 |  0.0  0.0  0.0  0.0  0.0  0.0  0.0  0.0  0.0  0.0  0.0  0.0  0.0  0.0  0.0  0.0  0.0  0.0  0.0  0.0  0.0  0.0  0.0  0.0  0.0  0.0  0.0  0.0  0.0  0.0  0.0  0.0  0.0  0.0  0.0  0.0  0.0  0.0  0.0  0.0  0.0  0.0  0.0  0.0  0.0  0.0  0.0  0.0  0.0  0.0  0.0  0.0  0.0  0.0  0.0  0.0  0.0  0.0  0.0  0.0  0.0  0.0  0.0  0.0  0.0  0.0  0.0  0.0  0.0  0.0  0.0  0.0  0.0  0.0  0.0  0.0  0.0  0.0  0.0  0.0  0.0  0.0  0.0  0.0  0.0  0.0  0.0  0.0  0.0  0.0
-85 |  0.0  0.0  0.0  0.0  0.0  0.0  0.0  0.0  0.0  0.0  0.0  0.0  0.0  0.0  0.0  0.0  0.0  0.0  0.0  0.0  0.0  0.0  0.0  0.0  0.0  0.0  0.0  0.0  0.0  0.0  0.0  0.0  0.0  0.0  0.0  0.0  0.0  0.0  0.0  0.0  0.0  0.0  0.0  0.0  0.0  0.0  0.0  0.0  0.0  0.0  0.0  0.0  0.0  0.0  0.0  0.0  0.0  0.0  0.0  0.0  0.0  0.0  0.0  0.0  0.0  0.0  0.0  0.0  0.0  0.0  0.0  0.0  0.0  0.0  0.0  0.0  0.0  0.0  0.0  0.0  0.0  0.0  0.0  0.0  0.0  0.0  0.0  0.0  0.0  0.0
-87 |  0.0  0.0  0.0  0.0  0.0  0.0  0.0  0.0  0.0  0.0  0.0  0.0  0.0  0.0  0.0  0.0  0.0  0.0  0.0  0.0  0.0  0.0  0.0  0.0  0.0  0.0  0.0  0.0  0.0  0.0  0.0  0.0  0.0  0.0  0.0  0.0  0.0  0.0  0.0  0.0  0.0  0.0  0.0  0.0  0.0  0.0  0.0  0.0  0.0  0.0  0.0  0.0  0.0  0.0  0.0  0.0  0.0  0.0  0.0  0.0  0.0  0.0  0.0  0.0  0.0  0.0  0.0  0.0  0.0  0.0  0.0  0.0  0.0  0.0  0.0  0.0  0.0  0.0  0.0  0.0  0.0  0.0  0.0  0.0  0.0  0.0  0.0  0.0  0.0  0.0
-89 |  0.0  0.0  0.0  0.0  0.0  0.0  0.0  0.0  0.0  0.0  0.0  0.0  0.0  0.0  0.0  0.0  0.0  0.0  0.0  0.0  0.0  0.0  0.0  0.0  0.0  0.0  0.0  0.0  0.0  0.0  0.0  0.0  0.0  0.0  0.0  0.0  0.0  0.0  0.0  0.0  0.0  0.0  0.0  0.0  0.0  0.0  0.0  0.0  0.0  0.0  0.0  0.0  0.0  0.0  0.0  0.0  0.0  0.0  0.0  0.0  0.0  0.0  0.0  0.0  0.0  0.0  0.0  0.0  0.0  0.0  0.0  0.0  0.0  0.0  0.0  0.0  0.0  0.0  0.0  0.0  0.0  0.0  0.0  0.0  0.0  0.0  0.0  0.0  0.0  0.0
