# DRAP Tabular Values
# Product: D-Region Absorption         S:\DRAP Archive\SWX_DRAP20_C_SWPC_20150701220000_GLOBAL.txt
# Product Valid At : 2015-07-01 22:00 UTC
#
# Prepared by the U.S. Dept. of Commerce, NOAA, Space Weather Prediction Center.
# Please send comments and suggestions to SWPC.Webmaster@noaa.gov
#
# Estimated Recovery Time : No Estimate
#
#  X-RAY Message : Normal X-ray Background
#
#  X-RAY Warning :  
#
#  Proton Message : Normal Proton Background
#
#  Proton Warning : 
#
# Frequency (MHz) as a function of Latitude and Longitude
#
      -178 -174 -170 -166 -162 -158 -154 -150 -146 -142 -138 -134 -130 -126 -122 -118 -114 -110 -106 -102  -98  -94  -90  -86  -82  -78  -74  -70  -66  -62  -58  -54  -50  -46  -42  -38  -34  -30  -26  -22  -18  -14  -10   -6   -2    2    6   10   14   18   22   26   30   34   38   42   46   50   54   58   62   66   70   74   78   82   86   90   94   98  102  106  110  114  118  122  126  130  134  138  142  146  150  154  158  162  166  170  174  178
------------------------------------------------------------------------------------------------------------------------------------------------------------------------------------------------------------------------------------------------------------------------------------------------------------------------------------------------------------------------------------------------------------------------------------------------------------------------
 89 | 25.3 25.3 25.3 25.3 25.3 25.3 25.3 25.3 25.3 25.3 25.3 25.3 25.3 25.3 25.3 25.3 25.3 25.3 25.3 25.3 25.3 25.3 25.3 25.3 25.3 25.3 25.3 25.3 25.3 25.3 25.3 25.3 25.3 25.3 25.3 25.3 25.3 25.3 25.3 25.3 25.3 25.3 25.3 25.3 25.3 25.3 25.3 25.3 25.3 25.3 25.3 25.3 25.3 25.3 25.3 25.3 25.3 25.3 25.3 25.3 25.3 25.3 25.3 25.3 25.3 25.3 25.3 25.3 25.3 25.3 25.3 25.3 25.3 25.3 25.3 25.3 25.3 25.3 25.3 25.3 25.3 25.3 25.3 25.3 25.3 25.3 25.3 25.3 25.3 25.3
 87 | 25.3 25.3 25.3 25.3 25.3 25.3 25.3 25.3 25.3 25.3 25.3 25.3 25.3 25.3 25.3 25.3 25.3 25.3 25.3 25.3 25.3 25.3 25.3 25.3 25.3 25.3 25.3 25.3 25.3 25.3 25.3 25.3 25.3 25.3 25.3 25.3 25.3 25.3 25.3 25.3 25.3 25.3 25.3 25.3 25.3 25.3 25.3 25.3 25.3 25.3 25.3 25.3 25.3 25.3 25.3 25.3 25.3 25.3 25.3 25.3 25.3 25.3 25.3 25.3 25.3 25.3 25.3 25.3 25.3 25.3 25.3 25.3 25.3 25.3 25.3 25.3 25.3 25.3 25.3 25.3 25.3 25.3 25.3 25.3 25.3 25.3 25.3 25.3 25.3 25.3
 85 | 25.4 25.4 25.4 25.4 25.4 25.4 25.4 25.4 25.4 25.4 25.4 25.4 25.4 25.4 25.4 25.4 25.4 25.4 25.4 25.4 25.3 25.3 25.3 25.3 25.3 25.3 25.3 25.3 25.3 25.3 25.3 25.3 25.3 25.3 25.3 25.3 25.3 25.3 25.3 25.3 25.3 25.3 25.3 25.3 25.3 25.3 25.3 25.3 25.3 25.3 25.3 25.3 25.3 25.3 25.3 25.3 25.3 25.3 25.3 25.3 25.3 25.3 25.3 25.3 25.3 25.3 25.3 25.3 25.3 25.3 25.3 25.3 25.3 25.3 25.3 25.3 25.3 25.3 25.3 25.3 25.3 25.3 25.3 25.3 25.3 25.4 25.4 25.4 25.4 25.4
 83 | 25.4 25.4 25.4 25.4 25.4 25.4 25.4 25.4 25.4 25.4 25.4 25.4 25.4 25.4 25.4 25.4 25.4 25.4 25.4 25.4 25.4 25.4 25.4 25.3 25.3 25.3 25.3 25.3 25.3 25.3 25.3 25.3 25.3 25.3 25.3 25.3 25.3 25.3 25.3 25.3 25.3 25.3 25.3 25.3 25.3 25.3 25.3 25.3 25.3 25.3 25.3 25.3 25.3 25.3 25.3 25.3 25.3 25.3 25.3 25.3 25.3 25.3 25.3 25.3 25.3 25.3 25.3 25.3 25.3 25.3 25.3 25.3 25.3 25.3 25.3 25.3 25.3 25.3 25.3 25.3 25.3 25.3 25.4 25.4 25.4 25.4 25.4 25.4 25.4 25.4
 81 | 25.4 25.4 25.4 25.4 25.4 25.4 25.4 25.4 25.4 25.4 25.4 25.4 25.4 25.4 25.4 25.4 25.4 25.4 25.4 25.4 25.4 25.4 25.4 25.4 25.3 25.3 25.3 25.3 25.3 25.3 25.3 25.3 25.3 25.3 25.3 25.3 25.3 25.3 25.3 25.3 25.3 25.3 25.3 25.3 25.3 25.3 25.3 25.3 25.3 25.3 25.3 25.3 25.3 25.3 25.3 25.3 25.3 25.3 25.3 25.3 25.3 25.3 25.3 25.3 25.3 25.3 25.3 25.3 25.3 25.3 25.3 25.3 25.3 25.3 25.3 25.3 25.3 25.3 25.3 25.3 25.3 25.4 25.4 25.4 25.4 25.4 25.4 25.4 25.4 25.4
 79 | 25.4 25.4 25.4 25.4 25.4 25.4 25.4 25.4 25.4 25.4 25.4 25.4 25.4 25.4 25.4 25.4 25.4 25.4 25.4 25.4 25.4 25.4 25.4 25.4 25.4 25.3 25.3 25.3 25.3 25.3 25.3 25.3 25.3 25.3 25.3 25.3 25.3 25.3 25.3 25.3 25.3 25.3 25.3 25.3 25.3 25.3 25.3 25.3 25.3 25.3 25.3 25.3 25.3 25.3 25.3 25.3 25.3 25.3 25.3 25.3 25.3 25.3 25.3 25.3 25.3 25.3 25.3 25.3 25.3 25.3 25.3 25.3 25.3 25.3 25.3 25.3 25.3 25.3 25.3 25.3 25.4 25.4 25.4 25.4 25.4 25.4 25.4 25.4 25.4 25.4
 77 | 25.4 25.4 25.4 25.4 25.4 25.4 25.4 25.4 25.4 25.4 25.4 25.4 25.4 25.4 25.4 25.4 25.4 25.4 25.4 25.4 25.4 25.4 25.4 25.4 25.4 25.4 25.3 25.3 25.3 25.3 25.3 25.3 25.3 25.3 25.3 25.3 25.3 25.3 25.3 25.3 25.3 25.3 25.3 25.3 25.3 25.3 25.3 25.3 25.3 25.3 25.3 25.3 25.3 25.3 25.3 25.3 25.3 25.3 25.3 25.3 25.3 25.3 25.3 25.3 25.3 25.3 25.3 25.3 25.3 25.3 25.3 25.3 25.3 25.3 25.3 25.3 25.3 25.3 25.3 25.4 25.4 25.4 25.4 25.4 25.4 25.4 25.4 25.4 25.4 25.4
 75 | 25.4 25.4 25.4 25.4 25.4 25.4 25.4 25.4 25.4 25.4 25.4 25.4 25.4 25.4 25.4 25.4 25.4 25.4 25.4 25.4 25.4 25.4 25.4 25.4 25.4 25.4 25.3 25.3 25.3 25.3 25.3 25.3 25.3 25.3 25.3 25.3 25.3 25.3 25.3 25.3 25.3 25.3 25.3 25.3 25.3 25.2 24.8 24.8 24.4 24.4 24.4 24.0 24.0 24.0 24.4 24.4 24.4 24.8 24.8 25.2 25.3 25.3 25.3 25.3 25.3 25.3 25.3 25.3 25.3 25.3 25.3 25.3 25.3 25.3 25.3 25.3 25.3 25.3 25.3 25.4 25.4 25.4 25.4 25.4 25.4 25.4 25.4 25.4 25.4 25.4
 73 | 25.4 25.4 25.4 25.4 25.4 25.4 25.4 25.4 25.4 25.4 25.4 25.4 25.4 25.4 25.4 25.4 25.4 25.4 25.4 25.4 25.4 25.4 25.4 25.4 25.4 25.4 25.3 25.3 25.3 25.3 25.3 25.3 25.3 25.3 25.3 25.3 25.3 25.3 25.3 25.3 25.3 25.3 25.2 24.8 24.4 24.0 23.5 23.5 23.1 23.1 22.6 22.6 22.6 22.6 22.6 23.1 23.1 23.5 23.5 24.0 24.4 24.8 25.2 25.7 25.7 25.7 24.4 24.4 24.4 23.1 23.2 21.8 21.8 20.9 20.9 20.0 20.0 20.0 20.0 18.6 18.6 18.6 20.1 20.1 20.1 21.0 21.9 23.3 25.8 25.4
 71 | 16.2 18.7 21.1 23.3 25.4 25.4 25.4 25.4 25.4 25.4 25.4 25.4 25.4 25.4 25.4 25.4 25.4 25.4 25.4 25.4 25.4 25.4 25.4 25.4 25.4 25.4 25.3 25.3 25.3 25.3 25.3 25.3 25.3 25.3 25.3 25.3 25.3 25.3 25.3 25.3 25.3 24.8 24.0 23.5 23.1 22.6 22.2 22.2 21.7 21.3 18.9 17.9 16.9 16.4 16.4 15.4 14.8 14.8 13.7 14.3 14.3 13.7 13.7 14.3 14.9 13.8 13.8 13.8 12.6 12.6 11.4 11.4 11.4 10.2 10.2  9.5  9.5  9.6  8.7  8.7  8.8  8.8  8.8  8.8  9.6  9.7 10.3 11.6 12.8 14.0
 69 |  7.4  8.2  9.7 11.7 14.0 17.7 21.1 25.9 25.4 25.4 25.4 25.4 25.4 25.4 25.4 25.4 25.4 25.4 25.4 25.4 25.4 25.4 25.4 25.4 25.4 25.4 25.4 25.3 25.3 25.3 25.3 25.3 25.3 25.3 25.3 25.3 25.3 25.3 25.3 24.8 24.4 23.5 23.1 21.3 18.4 16.4 14.3 12.5 11.3  9.5  8.6  8.6  7.8  7.1  7.1  6.6  6.7  6.7  6.3  6.4  6.6  6.2  6.4  6.5  6.7  7.0  6.4  6.4  6.4  6.0  6.0  6.1  5.6  5.6  5.6  5.1  5.1  4.7  4.7  4.8  4.8  4.8  4.8  4.8  4.9  5.2  5.3  5.8  6.3  6.8
 67 |  4.2  4.5  5.0  5.9  6.8  8.2 10.4 12.9 17.7 21.1 25.5 25.5 25.5 25.4 25.4 25.4 25.4 25.4 25.4 25.4 25.4 25.4 25.4 25.4 25.4 25.4 25.4 25.3 25.3 25.3 25.3 25.3 25.3 25.3 25.3 25.3 25.3 25.3 24.8 23.1 18.9 15.4 12.5 10.0  8.2  7.2  5.8  5.2  4.5  4.2  4.1  3.6  3.6  3.3  3.3  3.1  3.1  3.2  3.3  3.0  3.1  3.2  3.4  3.5  3.3  3.4  3.6  3.7  3.7  3.3  3.3  3.3  0.8  0.9  0.9  1.0  1.0  1.1  1.1  1.2  1.2  1.2  1.3  1.3  1.4  1.4  1.4  1.4  1.5  3.7
 65 |  1.5  1.6  1.6  1.6  3.8  4.5  5.4  6.4  8.2 10.4 14.0 18.7 23.3 25.5 25.5 25.4 25.4 25.4 25.4 25.4 25.4 25.4 25.4 25.4 25.4 25.4 25.4 25.3 25.3 25.3 25.3 25.3 25.3 25.3 25.3 25.3 23.1 19.4 13.7 11.3  8.2  6.4  5.1  4.5  4.0  3.1  2.7  2.6  2.3  2.0  1.9  0.0  0.0  0.0  0.0  0.0  0.0  0.0  0.0  0.1  0.1  0.2  0.2  0.3  0.3  0.4  0.5  0.5  0.6  0.6  0.7  0.7  0.8  0.9  0.9  1.0  1.0  1.1  1.1  1.2  1.2  1.2  1.3  1.3  1.4  1.4  1.4  1.5  1.5  1.5
 63 |  1.6  1.6  1.6  1.6  1.6  1.6  1.6  3.8  4.6  5.9  6.9  8.9 12.9 16.2 22.0 25.5 25.4 25.4 25.4 25.4 25.4 25.4 25.4 25.4 25.4 25.4 25.4 25.3 25.3 25.3 25.3 25.3 25.3 24.4 19.9 14.9 11.4  8.1  6.4  5.1  4.0  3.1  2.6  0.1  0.0  0.0  0.0  0.0  0.0  0.0  0.0  0.0  0.0  0.0  0.0  0.0  0.0  0.0  0.0  0.0  0.0  0.1  0.1  0.2  0.3  0.3  0.4  0.5  0.5  0.6  0.7  0.7  0.8  0.8  0.9  0.9  1.0  1.1  1.1  1.2  1.2  1.3  1.3  1.4  1.4  1.4  1.5  1.5  1.5  1.5
 61 |  1.6  1.6  1.6  1.7  1.7  1.7  1.7  1.7  1.7  1.7  4.3  5.0  6.4  8.2 10.4 15.1 20.2 24.6 25.4 25.4 25.4 25.4 25.4 25.4 25.4 25.4 25.4 25.3 25.3 25.3 25.7 20.9 16.0 12.6  9.4  7.1  5.2  4.1  3.0  0.3  0.2  0.1  0.0  0.0  0.0  0.0  0.0  0.0  0.0  0.0  0.0  0.0  0.0  0.0  0.0  0.0  0.0  0.0  0.0  0.0  0.0  0.0  0.0  0.1  0.2  0.3  0.3  0.4  0.5  0.6  0.6  0.7  0.8  0.8  0.9  0.9  1.0  1.0  1.1  1.2  1.2  1.3  1.3  1.4  1.4  1.4  1.5  1.5  1.5  1.6
 59 |  1.6  1.7  1.7  1.7  1.7  1.7  1.7  1.7  1.7  1.7  1.7  1.7  3.9  4.6  5.9  7.5  9.8 12.9 16.2 20.1 23.3 25.8 25.4 25.4 25.4 25.4 25.4 24.5 20.9 17.6 13.8 10.1  7.9  6.0  4.5  3.6  0.4  0.4  0.3  0.2  0.1  0.0  0.0  0.0  0.0  0.0  0.0  0.0  0.0  0.0  0.0  0.0  0.0  0.0  0.0  0.0  0.0  0.0  0.0  0.0  0.0  0.0  0.0  0.0  0.1  0.2  0.3  0.4  0.4  0.5  0.6  0.7  0.7  0.8  0.9  0.9  1.0  1.0  1.1  1.2  1.2  1.3  1.3  1.4  1.4  1.5  1.5  1.5  1.6  1.6
 57 |  1.7  1.7  1.7  1.7  1.7  1.7  1.8  1.8  1.8  1.7  1.7  1.7  1.7  1.7  1.7  4.5  5.4  6.8  8.2 10.4 12.8 15.1 16.1 17.7 17.6 16.1 15.0 12.7 10.2  8.7  6.5  5.5  4.1  3.3  0.6  0.5  0.4  0.3  0.2  0.1  0.0  0.0  0.0  0.0  0.0  0.0  0.0  0.0  0.0  0.0  0.0  0.0  0.0  0.0  0.0  0.0  0.0  0.0  0.0  0.0  0.0  0.0  0.0  0.0  0.0  0.1  0.2  0.3  0.4  0.5  0.6  0.6  0.7  0.8  0.9  0.9  1.0  1.0  1.1  1.2  1.2  1.3  1.3  1.4  1.4  1.5  1.5  1.6  1.6  1.6
 55 |  1.7  1.7  1.7  1.8  1.8  1.8  1.8  1.8  1.8  1.8  1.8  1.8  1.7  1.7  1.7  1.7  1.6  4.2  5.0  5.9  6.3  7.4  8.1  8.8  8.8  8.0  7.2  6.6  5.6  4.6  3.8  0.8  0.7  0.6  0.5  0.4  0.3  0.2  0.1  0.0  0.0  0.0  0.0  0.0  0.0  0.0  0.0  0.0  0.0  0.0  0.0  0.0  0.0  0.0  0.0  0.0  0.0  0.0  0.0  0.0  0.0  0.0  0.0  0.0  0.0  0.0  0.1  0.2  0.3  0.4  0.5  0.6  0.7  0.8  0.8  0.9  1.0  1.0  1.1  1.2  1.2  1.3  1.4  1.4  1.5  1.5  1.5  1.6  1.6  1.7
 53 |  1.7  1.7  1.8  1.8  1.8  1.8  1.8  1.8  1.8  1.8  1.8  1.8  1.8  1.7  1.7  1.7  1.6  1.6  1.6  1.5  3.7  4.4  4.9  4.8  4.8  4.8  4.2  3.9  1.0  0.9  0.8  0.7  0.6  0.6  0.5  0.4  0.3  0.2  0.0  0.0  0.0  0.0  0.0  0.0  0.0  0.0  0.0  0.0  0.0  0.0  0.0  0.0  0.0  0.0  0.0  0.0  0.0  0.0  0.0  0.0  0.0  0.0  0.0  0.0  0.0  0.0  0.0  0.2  0.3  0.4  0.5  0.6  0.6  0.7  0.8  0.9  1.0  1.0  1.1  1.2  1.2  1.3  1.4  1.4  1.5  1.5  1.6  1.6  1.6  1.7
 51 |  1.7  1.8  1.8  1.8  1.8  1.8  1.8  1.8  1.8  1.8  1.8  1.8  1.8  1.8  1.7  1.7  1.7  1.6  1.6  1.5  1.5  1.4  1.4  1.3  1.2  1.2  1.1  1.0  0.9  0.9  0.8  0.7  0.6  0.5  0.4  0.3  0.2  0.1  0.0  0.0  0.0  0.0  0.0  0.0  0.0  0.0  0.0  0.0  0.0  0.0  0.0  0.0  0.0  0.0  0.0  0.0  0.0  0.0  0.0  0.0  0.0  0.0  0.0  0.0  0.0  0.0  0.0  0.1  0.2  0.3  0.4  0.5  0.6  0.7  0.8  0.9  0.9  1.0  1.1  1.2  1.2  1.3  1.4  1.4  1.5  1.5  1.6  1.6  1.7  1.7
 49 |  1.8  1.8  1.8  1.8  1.8  1.9  1.9  1.9  1.9  1.9  1.8  1.8  1.8  1.8  1.8  1.7  1.7  1.6  1.6  1.5  1.5  1.4  1.4  1.3  1.2  1.2  1.1  1.0  0.9  0.9  0.8  0.7  0.6  0.5  0.4  0.3  0.2  0.0  0.0  0.0  0.0  0.0  0.0  0.0  0.0  0.0  0.0  0.0  0.0  0.0  0.0  0.0  0.0  0.0  0.0  0.0  0.0  0.0  0.0  0.0  0.0  0.0  0.0  0.0  0.0  0.0  0.0  0.0  0.2  0.3  0.4  0.5  0.6  0.7  0.8  0.9  0.9  1.0  1.1  1.2  1.2  1.3  1.4  1.4  1.5  1.5  1.6  1.6  1.7  1.7
 47 |  1.8  1.8  1.8  1.9  1.9  1.9  1.9  1.9  1.9  1.9  1.9  1.9  1.8  1.8  1.8  1.7  1.7  1.7  1.6  1.6  1.5  1.4  1.4  1.3  1.2  1.2  1.1  1.0  0.9  0.8  0.7  0.7  0.6  0.5  0.3  0.2  0.1  0.0  0.0  0.0  0.0  0.0  0.0  0.0  0.0  0.0  0.0  0.0  0.0  0.0  0.0  0.0  0.0  0.0  0.0  0.0  0.0  0.0  0.0  0.0  0.0  0.0  0.0  0.0  0.0  0.0  0.0  0.0  0.1  0.2  0.3  0.5  0.6  0.7  0.7  0.8  0.9  1.0  1.1  1.2  1.2  1.3  1.4  1.4  1.5  1.6  1.6  1.7  1.7  1.7
 45 |  1.8  1.8  1.9  1.9  1.9  1.9  1.9  1.9  1.9  1.9  1.9  1.9  1.9  1.8  1.8  1.8  1.7  1.7  1.6  1.6  1.5  1.4  1.4  1.3  1.2  1.2  1.1  1.0  0.9  0.8  0.7  0.6  0.5  0.4  0.3  0.2  0.0  0.0  0.0  0.0  0.0  0.0  0.0  0.0  0.0  0.0  0.0  0.0  0.0  0.0  0.0  0.0  0.0  0.0  0.0  0.0  0.0  0.0  0.0  0.0  0.0  0.0  0.0  0.0  0.0  0.0  0.0  0.0  0.0  0.2  0.3  0.4  0.5  0.6  0.7  0.8  0.9  1.0  1.1  1.2  1.2  1.3  1.4  1.4  1.5  1.6  1.6  1.7  1.7  1.8
 43 |  1.8  1.8  1.9  1.9  1.9  1.9  1.9  1.9  1.9  1.9  1.9  1.9  1.9  1.8  1.8  1.8  1.7  1.7  1.6  1.6  1.5  1.4  1.4  1.3  1.2  1.2  1.1  1.0  0.9  0.8  0.7  0.6  0.5  0.4  0.2  0.1  0.0  0.0  0.0  0.0  0.0  0.0  0.0  0.0  0.0  0.0  0.0  0.0  0.0  0.0  0.0  0.0  0.0  0.0  0.0  0.0  0.0  0.0  0.0  0.0  0.0  0.0  0.0  0.0  0.0  0.0  0.0  0.0  0.0  0.1  0.2  0.4  0.5  0.6  0.7  0.8  0.9  1.0  1.1  1.2  1.2  1.3  1.4  1.4  1.5  1.6  1.6  1.7  1.7  1.8
 41 |  1.8  1.9  1.9  1.9  1.9  1.9  1.9  1.9  1.9  1.9  1.9  1.9  1.9  1.9  1.8  1.8  1.7  1.7  1.6  1.6  1.5  1.5  1.4  1.3  1.2  1.2  1.1  1.0  0.9  0.8  0.7  0.6  0.5  0.3  0.2  0.0  0.0  0.0  0.0  0.0  0.0  0.0  0.0  0.0  0.0  0.0  0.0  0.0  0.0  0.0  0.0  0.0  0.0  0.0  0.0  0.0  0.0  0.0  0.0  0.0  0.0  0.0  0.0  0.0  0.0  0.0  0.0  0.0  0.0  0.0  0.2  0.3  0.5  0.6  0.7  0.8  0.9  1.0  1.1  1.2  1.2  1.3  1.4  1.5  1.5  1.6  1.6  1.7  1.7  1.8
 39 |  1.8  1.9  1.9  1.9  1.9  1.9  2.0  2.0  2.0  1.9  1.9  1.9  1.9  1.9  1.8  1.8  1.7  1.7  1.6  1.6  1.5  1.5  1.4  1.3  1.2  1.2  1.0  1.0  0.9  0.8  0.7  0.6  0.4  0.3  0.1  0.0  0.0  0.0  0.0  0.0  0.0  0.0  0.0  0.0  0.0  0.0  0.0  0.0  0.0  0.0  0.0  0.0  0.0  0.0  0.0  0.0  0.0  0.0  0.0  0.0  0.0  0.0  0.0  0.0  0.0  0.0  0.0  0.0  0.0  0.0  0.1  0.3  0.4  0.6  0.7  0.8  0.9  1.0  1.0  1.2  1.2  1.3  1.4  1.5  1.5  1.6  1.6  1.7  1.7  1.8
 37 |  1.8  1.9  1.9  1.9  1.9  2.0  2.0  2.0  2.0  2.0  1.9  1.9  1.9  1.9  1.8  1.8  1.8  1.7  1.6  1.6  1.5  1.5  1.4  1.3  1.2  1.1  1.0  0.9  0.9  0.7  0.6  0.5  0.4  0.2  0.1  0.0  0.0  0.0  0.0  0.0  0.0  0.0  0.0  0.0  0.0  0.0  0.0  0.0  0.0  0.0  0.0  0.0  0.0  0.0  0.0  0.0  0.0  0.0  0.0  0.0  0.0  0.0  0.0  0.0  0.0  0.0  0.0  0.0  0.0  0.0  0.1  0.2  0.4  0.5  0.6  0.7  0.9  0.9  1.0  1.1  1.2  1.3  1.4  1.5  1.5  1.6  1.6  1.7  1.8  1.8
 35 |  1.9  1.9  1.9  1.9  2.0  2.0  2.0  2.0  2.0  2.0  2.0  1.9  1.9  1.9  1.9  1.8  1.8  1.7  1.6  1.6  1.5  1.5  1.4  1.3  1.2  1.1  1.0  0.9  0.8  0.7  0.6  0.5  0.3  0.2  0.0  0.0  0.0  0.0  0.0  0.0  0.0  0.0  0.0  0.0  0.0  0.0  0.0  0.0  0.0  0.0  0.0  0.0  0.0  0.0  0.0  0.0  0.0  0.0  0.0  0.0  0.0  0.0  0.0  0.0  0.0  0.0  0.0  0.0  0.0  0.0  0.0  0.2  0.3  0.5  0.6  0.7  0.8  0.9  1.0  1.1  1.2  1.3  1.4  1.5  1.5  1.6  1.6  1.7  1.8  1.8
 33 |  1.9  1.9  1.9  1.9  2.0  2.0  2.0  2.0  2.0  2.0  2.0  1.9  1.9  1.9  1.9  1.8  1.8  1.7  1.7  1.6  1.5  1.5  1.4  1.3  1.2  1.1  1.0  0.9  0.8  0.7  0.6  0.4  0.3  0.1  0.0  0.0  0.0  0.0  0.0  0.0  0.0  0.0  0.0  0.0  0.0  0.0  0.0  0.0  0.0  0.0  0.0  0.0  0.0  0.0  0.0  0.0  0.0  0.0  0.0  0.0  0.0  0.0  0.0  0.0  0.0  0.0  0.0  0.0  0.0  0.0  0.0  0.1  0.3  0.4  0.6  0.7  0.8  0.9  1.0  1.1  1.2  1.3  1.4  1.5  1.5  1.6  1.7  1.7  1.8  1.8
 31 |  1.9  1.9  1.9  2.0  2.0  2.0  2.0  2.0  2.0  2.0  2.0  2.0  1.9  1.9  1.9  1.8  1.8  1.7  1.7  1.6  1.5  1.4  1.4  1.3  1.2  1.1  1.0  0.9  0.8  0.7  0.6  0.4  0.3  0.1  0.0  0.0  0.0  0.0  0.0  0.0  0.0  0.0  0.0  0.0  0.0  0.0  0.0  0.0  0.0  0.0  0.0  0.0  0.0  0.0  0.0  0.0  0.0  0.0  0.0  0.0  0.0  0.0  0.0  0.0  0.0  0.0  0.0  0.0  0.0  0.0  0.0  0.1  0.3  0.4  0.6  0.7  0.8  0.9  1.0  1.1  1.2  1.3  1.4  1.4  1.5  1.6  1.7  1.7  1.8  1.8
 29 |  1.9  1.9  1.9  2.0  2.0  2.0  2.0  2.0  2.0  2.0  2.0  2.0  1.9  1.9  1.9  1.8  1.8  1.7  1.7  1.6  1.5  1.4  1.4  1.3  1.2  1.1  1.0  0.9  0.8  0.6  0.5  0.4  0.2  0.0  0.0  0.0  0.0  0.0  0.0  0.0  0.0  0.0  0.0  0.0  0.0  0.0  0.0  0.0  0.0  0.0  0.0  0.0  0.0  0.0  0.0  0.0  0.0  0.0  0.0  0.0  0.0  0.0  0.0  0.0  0.0  0.0  0.0  0.0  0.0  0.0  0.0  0.0  0.2  0.4  0.5  0.6  0.8  0.9  1.0  1.1  1.2  1.3  1.4  1.4  1.5  1.6  1.7  1.7  1.8  1.8
 27 |  1.9  1.9  1.9  2.0  2.0  2.0  2.0  2.0  2.0  2.0  2.0  2.0  1.9  1.9  1.9  1.8  1.8  1.7  1.7  1.6  1.5  1.4  1.4  1.3  1.2  1.1  1.0  0.9  0.7  0.6  0.5  0.3  0.2  0.0  0.0  0.0  0.0  0.0  0.0  0.0  0.0  0.0  0.0  0.0  0.0  0.0  0.0  0.0  0.0  0.0  0.0  0.0  0.0  0.0  0.0  0.0  0.0  0.0  0.0  0.0  0.0  0.0  0.0  0.0  0.0  0.0  0.0  0.0  0.0  0.0  0.0  0.0  0.2  0.3  0.5  0.6  0.7  0.9  1.0  1.1  1.2  1.3  1.4  1.4  1.5  1.6  1.7  1.7  1.8  1.8
 25 |  1.9  1.9  1.9  2.0  2.0  2.0  2.0  2.0  2.0  2.0  2.0  2.0  1.9  1.9  1.9  1.8  1.8  1.7  1.6  1.6  1.5  1.4  1.4  1.3  1.2  1.1  1.0  0.8  0.7  0.6  0.5  0.3  0.1  0.0  0.0  0.0  0.0  0.0  0.0  0.0  0.0  0.0  0.0  0.0  0.0  0.0  0.0  0.0  0.0  0.0  0.0  0.0  0.0  0.0  0.0  0.0  0.0  0.0  0.0  0.0  0.0  0.0  0.0  0.0  0.0  0.0  0.0  0.0  0.0  0.0  0.0  0.0  0.1  0.3  0.5  0.6  0.7  0.8  1.0  1.1  1.2  1.3  1.4  1.4  1.5  1.6  1.6  1.7  1.8  1.8
 23 |  1.9  1.9  1.9  2.0  2.0  2.0  2.0  2.0  2.0  2.0  2.0  2.0  1.9  1.9  1.9  1.8  1.8  1.7  1.6  1.6  1.5  1.4  1.3  1.2  1.2  1.0  0.9  0.8  0.7  0.6  0.4  0.3  0.0  0.0  0.0  0.0  0.0  0.0  0.0  0.0  0.0  0.0  0.0  0.0  0.0  0.0  0.0  0.0  0.0  0.0  0.0  0.0  0.0  0.0  0.0  0.0  0.0  0.0  0.0  0.0  0.0  0.0  0.0  0.0  0.0  0.0  0.0  0.0  0.0  0.0  0.0  0.0  0.0  0.3  0.4  0.6  0.7  0.8  0.9  1.0  1.2  1.2  1.3  1.4  1.5  1.6  1.6  1.7  1.8  1.8
 21 |  1.9  1.9  1.9  2.0  2.0  2.0  2.0  2.0  2.0  2.0  2.0  2.0  1.9  1.9  1.9  1.8  1.8  1.7  1.6  1.6  1.5  1.4  1.3  1.2  1.1  1.0  0.9  0.8  0.7  0.5  0.4  0.2  0.0  0.0  0.0  0.0  0.0  0.0  0.0  0.0  0.0  0.0  0.0  0.0  0.0  0.0  0.0  0.0  0.0  0.0  0.0  0.0  0.0  0.0  0.0  0.0  0.0  0.0  0.0  0.0  0.0  0.0  0.0  0.0  0.0  0.0  0.0  0.0  0.0  0.0  0.0  0.0  0.0  0.2  0.4  0.5  0.7  0.8  0.9  1.0  1.1  1.2  1.3  1.4  1.5  1.6  1.6  1.7  1.8  1.8
 19 |  1.9  1.9  1.9  2.0  2.0  2.0  2.0  2.0  2.0  2.0  2.0  2.0  1.9  1.9  1.9  1.8  1.8  1.7  1.6  1.6  1.5  1.4  1.3  1.2  1.1  1.0  0.9  0.8  0.6  0.5  0.4  0.2  0.0  0.0  0.0  0.0  0.0  0.0  0.0  0.0  0.0  0.0  0.0  0.0  0.0  0.0  0.0  0.0  0.0  0.0  0.0  0.0  0.0  0.0  0.0  0.0  0.0  0.0  0.0  0.0  0.0  0.0  0.0  0.0  0.0  0.0  0.0  0.0  0.0  0.0  0.0  0.0  0.0  0.2  0.4  0.5  0.6  0.8  0.9  1.0  1.1  1.2  1.3  1.4  1.5  1.6  1.6  1.7  1.8  1.8
 17 |  1.9  1.9  1.9  2.0  2.0  2.0  2.0  2.0  2.0  2.0  2.0  2.0  1.9  1.9  1.9  1.8  1.7  1.7  1.6  1.5  1.5  1.4  1.3  1.2  1.1  1.0  0.9  0.8  0.6  0.5  0.3  0.1  0.0  0.0  0.0  0.0  0.0  0.0  0.0  0.0  0.0  0.0  0.0  0.0  0.0  0.0  0.0  0.0  0.0  0.0  0.0  0.0  0.0  0.0  0.0  0.0  0.0  0.0  0.0  0.0  0.0  0.0  0.0  0.0  0.0  0.0  0.0  0.0  0.0  0.0  0.0  0.0  0.0  0.1  0.3  0.5  0.6  0.8  0.9  1.0  1.1  1.2  1.3  1.4  1.5  1.5  1.6  1.7  1.7  1.8
 15 |  1.8  1.9  1.9  1.9  2.0  2.0  2.0  2.0  2.0  2.0  2.0  1.9  1.9  1.9  1.8  1.8  1.7  1.7  1.6  1.5  1.5  1.4  1.3  1.2  1.1  1.0  0.9  0.7  0.6  0.4  0.3  0.1  0.0  0.0  0.0  0.0  0.0  0.0  0.0  0.0  0.0  0.0  0.0  0.0  0.0  0.0  0.0  0.0  0.0  0.0  0.0  0.0  0.0  0.0  0.0  0.0  0.0  0.0  0.0  0.0  0.0  0.0  0.0  0.0  0.0  0.0  0.0  0.0  0.0  0.0  0.0  0.0  0.0  0.1  0.3  0.4  0.6  0.7  0.9  1.0  1.1  1.2  1.3  1.4  1.5  1.5  1.6  1.7  1.7  1.8
 13 |  1.8  1.9  1.9  1.9  2.0  2.0  2.0  2.0  2.0  2.0  2.0  1.9  1.9  1.9  1.8  1.8  1.7  1.7  1.6  1.5  1.4  1.4  1.3  1.2  1.1  0.9  0.8  0.7  0.6  0.4  0.2  0.0  0.0  0.0  0.0  0.0  0.0  0.0  0.0  0.0  0.0  0.0  0.0  0.0  0.0  0.0  0.0  0.0  0.0  0.0  0.0  0.0  0.0  0.0  0.0  0.0  0.0  0.0  0.0  0.0  0.0  0.0  0.0  0.0  0.0  0.0  0.0  0.0  0.0  0.0  0.0  0.0  0.0  0.0  0.2  0.4  0.6  0.7  0.8  0.9  1.1  1.2  1.3  1.4  1.4  1.5  1.6  1.7  1.7  1.8
 11 |  1.8  1.9  1.9  1.9  2.0  2.0  2.0  2.0  2.0  2.0  2.0  1.9  1.9  1.9  1.8  1.8  1.7  1.6  1.6  1.5  1.4  1.3  1.2  1.2  1.0  0.9  0.8  0.7  0.5  0.4  0.2  0.0  0.0  0.0  0.0  0.0  0.0  0.0  0.0  0.0  0.0  0.0  0.0  0.0  0.0  0.0  0.0  0.0  0.0  0.0  0.0  0.0  0.0  0.0  0.0  0.0  0.0  0.0  0.0  0.0  0.0  0.0  0.0  0.0  0.0  0.0  0.0  0.0  0.0  0.0  0.0  0.0  0.0  0.0  0.2  0.4  0.5  0.7  0.8  0.9  1.0  1.2  1.2  1.3  1.4  1.5  1.6  1.6  1.7  1.8
  9 |  1.8  1.9  1.9  1.9  1.9  2.0  2.0  2.0  2.0  2.0  1.9  1.9  1.9  1.9  1.8  1.8  1.7  1.6  1.6  1.5  1.4  1.3  1.2  1.1  1.0  0.9  0.8  0.6  0.5  0.3  0.1  0.0  0.0  0.0  0.0  0.0  0.0  0.0  0.0  0.0  0.0  0.0  0.0  0.0  0.0  0.0  0.0  0.0  0.0  0.0  0.0  0.0  0.0  0.0  0.0  0.0  0.0  0.0  0.0  0.0  0.0  0.0  0.0  0.0  0.0  0.0  0.0  0.0  0.0  0.0  0.0  0.0  0.0  0.0  0.1  0.3  0.5  0.6  0.8  0.9  1.0  1.1  1.2  1.3  1.4  1.5  1.6  1.6  1.7  1.8
  7 |  1.8  1.8  1.9  1.9  1.9  1.9  2.0  2.0  2.0  1.9  1.9  1.9  1.9  1.8  1.8  1.7  1.7  1.6  1.5  1.5  1.4  1.3  1.2  1.1  1.0  0.9  0.8  0.6  0.5  0.3  0.1  0.0  0.0  0.0  0.0  0.0  0.0  0.0  0.0  0.0  0.0  0.0  0.0  0.0  0.0  0.0  0.0  0.0  0.0  0.0  0.0  0.0  0.0  0.0  0.0  0.0  0.0  0.0  0.0  0.0  0.0  0.0  0.0  0.0  0.0  0.0  0.0  0.0  0.0  0.0  0.0  0.0  0.0  0.0  0.1  0.3  0.5  0.6  0.8  0.9  1.0  1.1  1.2  1.3  1.4  1.5  1.5  1.6  1.7  1.7
  5 |  1.8  1.8  1.9  1.9  1.9  1.9  1.9  1.9  1.9  1.9  1.9  1.9  1.9  1.8  1.8  1.7  1.7  1.6  1.5  1.5  1.4  1.3  1.2  1.1  1.0  0.9  0.7  0.6  0.4  0.3  0.0  0.0  0.0  0.0  0.0  0.0  0.0  0.0  0.0  0.0  0.0  0.0  0.0  0.0  0.0  0.0  0.0  0.0  0.0  0.0  0.0  0.0  0.0  0.0  0.0  0.0  0.0  0.0  0.0  0.0  0.0  0.0  0.0  0.0  0.0  0.0  0.0  0.0  0.0  0.0  0.0  0.0  0.0  0.0  0.0  0.3  0.4  0.6  0.7  0.9  1.0  1.1  1.2  1.3  1.4  1.5  1.5  1.6  1.7  1.7
  3 |  1.8  1.8  1.8  1.9  1.9  1.9  1.9  1.9  1.9  1.9  1.9  1.9  1.8  1.8  1.8  1.7  1.6  1.6  1.5  1.4  1.4  1.3  1.2  1.1  0.9  0.8  0.7  0.6  0.4  0.2  0.0  0.0  0.0  0.0  0.0  0.0  0.0  0.0  0.0  0.0  0.0  0.0  0.0  0.0  0.0  0.0  0.0  0.0  0.0  0.0  0.0  0.0  0.0  0.0  0.0  0.0  0.0  0.0  0.0  0.0  0.0  0.0  0.0  0.0  0.0  0.0  0.0  0.0  0.0  0.0  0.0  0.0  0.0  0.0  0.0  0.2  0.4  0.6  0.7  0.8  0.9  1.1  1.2  1.3  1.4  1.4  1.5  1.6  1.6  1.7
  1 |  1.7  1.8  1.8  1.9  1.9  1.9  1.9  1.9  1.9  1.9  1.9  1.9  1.8  1.8  1.7  1.7  1.6  1.6  1.5  1.4  1.3  1.2  1.2  1.0  0.9  0.8  0.7  0.5  0.4  0.2  0.0  0.0  0.0  0.0  0.0  0.0  0.0  0.0  0.0  0.0  0.0  0.0  0.0  0.0  0.0  0.0  0.0  0.0  0.0  0.0  0.0  0.0  0.0  0.0  0.0  0.0  0.0  0.0  0.0  0.0  0.0  0.0  0.0  0.0  0.0  0.0  0.0  0.0  0.0  0.0  0.0  0.0  0.0  0.0  0.0  0.2  0.4  0.5  0.7  0.8  0.9  1.0  1.2  1.2  1.3  1.4  1.5  1.6  1.6  1.7
 -1 |  1.7  1.8  1.8  1.8  1.9  1.9  1.9  1.9  1.9  1.9  1.9  1.8  1.8  1.8  1.7  1.7  1.6  1.5  1.5  1.4  1.3  1.2  1.1  1.0  0.9  0.8  0.6  0.5  0.3  0.1  0.0  0.0  0.0  0.0  0.0  0.0  0.0  0.0  0.0  0.0  0.0  0.0  0.0  0.0  0.0  0.0  0.0  0.0  0.0  0.0  0.0  0.0  0.0  0.0  0.0  0.0  0.0  0.0  0.0  0.0  0.0  0.0  0.0  0.0  0.0  0.0  0.0  0.0  0.0  0.0  0.0  0.0  0.0  0.0  0.0  0.1  0.3  0.5  0.6  0.8  0.9  1.0  1.1  1.2  1.3  1.4  1.5  1.5  1.6  1.7
 -3 |  1.7  1.7  1.8  1.8  1.8  1.9  1.9  1.9  1.9  1.9  1.8  1.8  1.8  1.7  1.7  1.6  1.6  1.5  1.4  1.4  1.3  1.2  1.1  1.0  0.9  0.7  0.6  0.5  0.3  0.1  0.0  0.0  0.0  0.0  0.0  0.0  0.0  0.0  0.0  0.0  0.0  0.0  0.0  0.0  0.0  0.0  0.0  0.0  0.0  0.0  0.0  0.0  0.0  0.0  0.0  0.0  0.0  0.0  0.0  0.0  0.0  0.0  0.0  0.0  0.0  0.0  0.0  0.0  0.0  0.0  0.0  0.0  0.0  0.0  0.0  0.1  0.3  0.5  0.6  0.7  0.9  1.0  1.1  1.2  1.3  1.4  1.4  1.5  1.6  1.6
 -5 |  1.7  1.7  1.7  1.8  1.8  1.8  1.8  1.8  1.8  1.8  1.8  1.8  1.7  1.7  1.7  1.6  1.6  1.5  1.4  1.3  1.2  1.2  1.1  0.9  0.8  0.7  0.6  0.4  0.2  0.0  0.0  0.0  0.0  0.0  0.0  0.0  0.0  0.0  0.0  0.0  0.0  0.0  0.0  0.0  0.0  0.0  0.0  0.0  0.0  0.0  0.0  0.0  0.0  0.0  0.0  0.0  0.0  0.0  0.0  0.0  0.0  0.0  0.0  0.0  0.0  0.0  0.0  0.0  0.0  0.0  0.0  0.0  0.0  0.0  0.0  0.0  0.2  0.4  0.6  0.7  0.8  0.9  1.1  1.2  1.2  1.3  1.4  1.5  1.6  1.6
 -7 |  1.6  1.7  1.7  1.8  1.8  1.8  1.8  1.8  1.8  1.8  1.8  1.8  1.7  1.7  1.6  1.6  1.5  1.5  1.4  1.3  1.2  1.1  1.0  0.9  0.8  0.7  0.6  0.4  0.2  0.0  0.0  0.0  0.0  0.0  0.0  0.0  0.0  0.0  0.0  0.0  0.0  0.0  0.0  0.0  0.0  0.0  0.0  0.0  0.0  0.0  0.0  0.0  0.0  0.0  0.0  0.0  0.0  0.0  0.0  0.0  0.0  0.0  0.0  0.0  0.0  0.0  0.0  0.0  0.0  0.0  0.0  0.0  0.0  0.0  0.0  0.0  0.2  0.4  0.6  0.7  0.8  0.9  1.0  1.1  1.2  1.3  1.4  1.5  1.5  1.6
 -9 |  1.6  1.7  1.7  1.7  1.7  1.8  1.8  1.8  1.8  1.8  1.7  1.7  1.7  1.7  1.6  1.6  1.5  1.4  1.4  1.3  1.2  1.1  1.0  0.9  0.8  0.6  0.5  0.3  0.2  0.0  0.0  0.0  0.0  0.0  0.0  0.0  0.0  0.0  0.0  0.0  0.0  0.0  0.0  0.0  0.0  0.0  0.0  0.0  0.0  0.0  0.0  0.0  0.0  0.0  0.0  0.0  0.0  0.0  0.0  0.0  0.0  0.0  0.0  0.0  0.0  0.0  0.0  0.0  0.0  0.0  0.0  0.0  0.0  0.0  0.0  0.0  0.2  0.3  0.5  0.6  0.8  0.9  1.0  1.1  1.2  1.3  1.4  1.4  1.5  1.6
-11 |  1.6  1.6  1.7  1.7  1.7  1.7  1.7  1.7  1.7  1.7  1.7  1.7  1.7  1.6  1.6  1.5  1.5  1.4  1.3  1.2  1.2  1.1  1.0  0.9  0.7  0.6  0.5  0.3  0.1  0.0  0.0  0.0  0.0  0.0  0.0  0.0  0.0  0.0  0.0  0.0  0.0  0.0  0.0  0.0  0.0  0.0  0.0  0.0  0.0  0.0  0.0  0.0  0.0  0.0  0.0  0.0  0.0  0.0  0.0  0.0  0.0  0.0  0.0  0.0  0.0  0.0  0.0  0.0  0.0  0.0  0.0  0.0  0.0  0.0  0.0  0.0  0.1  0.3  0.5  0.6  0.7  0.9  1.0  1.1  1.2  1.2  1.3  1.4  1.5  1.5
-13 |  1.5  1.6  1.6  1.7  1.7  1.7  1.7  1.7  1.7  1.7  1.7  1.7  1.6  1.6  1.5  1.5  1.4  1.4  1.3  1.2  1.1  1.0  0.9  0.8  0.7  0.6  0.4  0.3  0.0  0.0  0.0  0.0  0.0  0.0  0.0  0.0  0.0  0.0  0.0  0.0  0.0  0.0  0.0  0.0  0.0  0.0  0.0  0.0  0.0  0.0  0.0  0.0  0.0  0.0  0.0  0.0  0.0  0.0  0.0  0.0  0.0  0.0  0.0  0.0  0.0  0.0  0.0  0.0  0.0  0.0  0.0  0.0  0.0  0.0  0.0  0.0  0.0  0.3  0.4  0.6  0.7  0.8  0.9  1.0  1.1  1.2  1.3  1.4  1.4  1.5
-15 |  1.5  1.6  1.6  1.6  1.6  1.7  1.7  1.7  1.7  1.7  1.6  1.6  1.6  1.6  1.5  1.5  1.4  1.3  1.3  1.2  1.1  1.0  0.9  0.8  0.7  0.6  0.4  0.2  0.0  0.0  0.0  0.0  0.0  0.0  0.0  0.0  0.0  0.0  0.0  0.0  0.0  0.0  0.0  0.0  0.0  0.0  0.0  0.0  0.0  0.0  0.0  0.0  0.0  0.0  0.0  0.0  0.0  0.0  0.0  0.0  0.0  0.0  0.0  0.0  0.0  0.0  0.0  0.0  0.0  0.0  0.0  0.0  0.0  0.0  0.0  0.0  0.0  0.2  0.4  0.6  0.7  0.8  0.9  1.0  1.1  1.2  1.3  1.3  1.4  1.5
-17 |  1.5  1.5  1.6  1.6  1.6  1.6  1.6  1.6  1.6  1.6  1.6  1.6  1.6  1.5  1.5  1.4  1.4  1.3  1.2  1.2  1.1  1.0  0.9  0.8  0.6  0.5  0.4  0.2  0.0  0.0  0.0  0.0  0.0  0.0  0.0  0.0  0.0  0.0  0.0  0.0  0.0  0.0  0.0  0.0  0.0  0.0  0.0  0.0  0.0  0.0  0.0  0.0  0.0  0.0  0.0  0.0  0.0  0.0  0.0  0.0  0.0  0.0  0.0  0.0  0.0  0.0  0.0  0.0  0.0  0.0  0.0  0.0  0.0  0.0  0.0  0.0  0.0  0.2  0.4  0.5  0.6  0.8  0.9  1.0  1.1  1.2  1.2  1.3  1.4  1.4
-19 |  1.4  1.5  1.5  1.6  1.6  1.6  1.6  1.6  1.6  1.6  1.6  1.6  1.5  1.5  1.4  1.4  1.3  1.3  1.2  1.1  1.0  0.9  0.8  0.7  0.6  0.5  0.3  0.1  0.0  0.0  0.0  0.0  0.0  0.0  0.0  0.0  0.0  0.0  0.0  0.0  0.0  0.0  0.0  0.0  0.0  0.0  0.0  0.0  0.0  0.0  0.0  0.0  0.0  0.0  0.0  0.0  0.0  0.0  0.0  0.0  0.0  0.0  0.0  0.0  0.0  0.0  0.0  0.0  0.0  0.0  0.0  0.0  0.0  0.0  0.0  0.0  0.0  0.1  0.3  0.5  0.6  0.7  0.8  0.9  1.0  1.1  1.2  1.3  1.3  1.4
-21 |  1.4  1.4  1.5  1.5  1.5  1.6  1.6  1.6  1.6  1.6  1.5  1.5  1.5  1.4  1.4  1.4  1.3  1.2  1.2  1.1  1.0  0.9  0.8  0.7  0.6  0.4  0.3  0.1  0.0  0.0  0.0  0.0  0.0  0.0  0.0  0.0  0.0  0.0  0.0  0.0  0.0  0.0  0.0  0.0  0.0  0.0  0.0  0.0  0.0  0.0  0.0  0.0  0.0  0.0  0.0  0.0  0.0  0.0  0.0  0.0  0.0  0.0  0.0  0.0  0.0  0.0  0.0  0.0  0.0  0.0  0.0  0.0  0.0  0.0  0.0  0.0  0.0  0.1  0.3  0.4  0.6  0.7  0.8  0.9  1.0  1.1  1.2  1.2  1.3  1.4
-23 |  1.4  1.4  1.4  1.5  1.5  1.5  1.5  1.5  1.5  1.5  1.5  1.5  1.4  1.4  1.4  1.3  1.3  1.2  1.1  1.0  0.9  0.9  0.8  0.6  0.5  0.4  0.2  0.0  0.0  0.0  0.0  0.0  0.0  0.0  0.0  0.0  0.0  0.0  0.0  0.0  0.0  0.0  0.0  0.0  0.0  0.0  0.0  0.0  0.0  0.0  0.0  0.0  0.0  0.0  0.0  0.0  0.0  0.0  0.0  0.0  0.0  0.0  0.0  0.0  0.0  0.0  0.0  0.0  0.0  0.0  0.0  0.0  0.0  0.0  0.0  0.0  0.0  0.0  0.2  0.4  0.5  0.6  0.8  0.9  0.9  1.0  1.1  1.2  1.3  1.3
-25 |  1.3  1.4  1.4  1.4  1.5  1.5  1.5  1.5  1.5  1.5  1.5  1.4  1.4  1.4  1.3  1.3  1.2  1.2  1.1  1.0  0.9  0.8  0.7  0.6  0.5  0.3  0.2  0.0  0.0  0.0  0.0  0.0  0.0  0.0  0.0  0.0  0.0  0.0  0.0  0.0  0.0  0.0  0.0  0.0  0.0  0.0  0.0  0.0  0.0  0.0  0.0  0.0  0.0  0.0  0.0  0.0  0.0  0.0  0.0  0.0  0.0  0.0  0.0  0.0  0.0  0.0  0.0  0.0  0.0  0.0  0.0  0.0  0.0  0.0  0.0  0.0  0.0  0.0  0.2  0.3  0.5  0.6  0.7  0.8  0.9  1.0  1.1  1.2  1.2  1.3
-27 |  1.3  1.3  1.4  1.4  1.4  1.4  1.4  1.4  1.4  1.4  1.4  1.4  1.4  1.3  1.3  1.2  1.2  1.1  1.0  1.0  0.9  0.8  0.7  0.6  0.4  0.3  0.1  0.0  0.0  0.0  0.0  0.0  0.0  0.0  0.0  0.0  0.0  0.0  0.0  0.0  0.0  0.0  0.0  0.0  0.0  0.0  0.0  0.0  0.0  0.0  0.0  0.0  0.0  0.0  0.0  0.0  0.0  0.0  0.0  0.0  0.0  0.0  0.0  0.0  0.0  0.0  0.0  0.0  0.0  0.0  0.0  0.0  0.0  0.0  0.0  0.0  0.0  0.0  0.1  0.3  0.4  0.6  0.7  0.8  0.9  1.0  1.0  1.1  1.2  1.2
-29 |  1.2  1.3  1.3  1.3  1.4  1.4  1.4  1.4  1.4  1.4  1.4  1.3  1.3  1.3  1.2  1.2  1.1  1.1  1.0  0.9  0.8  0.7  0.6  0.5  0.4  0.2  0.0  0.0  0.0  0.0  0.0  0.0  0.0  0.0  0.0  0.0  0.0  0.0  0.0  0.0  0.0  0.0  0.0  0.0  0.0  0.0  0.0  0.0  0.0  0.0  0.0  0.0  0.0  0.0  0.0  0.0  0.0  0.0  0.0  0.0  0.0  0.0  0.0  0.0  0.0  0.0  0.0  0.0  0.0  0.0  0.0  0.0  0.0  0.0  0.0  0.0  0.0  0.0  0.0  0.2  0.4  0.5  0.6  0.7  0.8  0.9  1.0  1.1  1.1  1.2
-31 |  1.2  1.2  1.3  1.3  1.3  1.3  1.4  1.4  1.4  1.3  1.3  1.3  1.3  1.2  1.2  1.1  1.1  1.0  0.9  0.9  0.8  0.7  0.6  0.5  0.3  0.2  0.0  0.0  0.0  0.0  0.0  0.0  0.0  0.0  0.0  0.0  0.0  0.0  0.0  0.0  0.0  0.0  0.0  0.0  0.0  0.0  0.0  0.0  0.0  0.0  0.0  0.0  0.0  0.0  0.0  0.0  0.0  0.0  0.0  0.0  0.0  0.0  0.0  0.0  0.0  0.0  0.0  0.0  0.0  0.0  0.0  0.0  0.0  0.0  0.0  0.0  0.0  0.0  0.0  0.2  0.3  0.5  0.6  0.7  0.8  0.9  0.9  1.0  1.1  1.1
-33 |  1.2  1.2  1.2  1.2  1.3  1.3  1.3  1.3  1.3  1.3  1.3  1.2  1.2  1.2  1.2  1.1  1.0  1.0  0.9  0.8  0.7  0.6  0.5  0.4  0.3  0.1  0.0  0.0  0.0  0.0  0.0  0.0  0.0  0.0  0.0  0.0  0.0  0.0  0.0  0.0  0.0  0.0  0.0  0.0  0.0  0.0  0.0  0.0  0.0  0.0  0.0  0.0  0.0  0.0  0.0  0.0  0.0  0.0  0.0  0.0  0.0  0.0  0.0  0.0  0.0  0.0  0.0  0.0  0.0  0.0  0.0  0.0  0.0  0.0  0.0  0.0  0.0  0.0  0.0  0.1  0.3  0.4  0.5  0.6  0.7  0.8  0.9  1.0  1.0  1.1
-35 |  1.1  1.1  1.2  1.2  1.2  1.2  1.2  1.2  1.2  1.2  1.2  1.2  1.2  1.1  1.1  1.0  1.0  0.9  0.9  0.8  0.7  0.6  0.5  0.4  0.2  0.0  0.0  0.0  0.0  0.0  0.0  0.0  0.0  0.0  0.0  0.0  0.0  0.0  0.0  0.0  0.0  0.0  0.0  0.0  0.0  0.0  0.0  0.0  0.0  0.0  0.0  0.0  0.0  0.0  0.0  0.0  0.0  0.0  0.0  0.0  0.0  0.0  0.0  0.0  0.0  0.0  0.0  0.0  0.0  0.0  0.0  0.0  0.0  0.0  0.0  0.0  0.0  0.0  0.0  0.0  0.2  0.4  0.5  0.6  0.7  0.8  0.9  0.9  1.0  1.0
-37 |  1.0  1.1  1.1  1.2  1.2  1.2  1.2  1.2  1.2  1.2  1.2  1.2  1.1  1.1  1.0  1.0  0.9  0.9  0.8  0.7  0.6  0.6  0.4  0.3  0.2  0.0  0.0  0.0  0.0  0.0  0.0  0.0  0.0  0.0  0.0  0.0  0.0  0.0  0.0  0.0  0.0  0.0  0.0  0.0  0.0  0.0  0.0  0.0  0.0  0.0  0.0  0.0  0.0  0.0  0.0  0.0  0.0  0.0  0.0  0.0  0.0  0.0  0.0  0.0  0.0  0.0  0.0  0.0  0.0  0.0  0.0  0.0  0.0  0.0  0.0  0.0  0.0  0.0  0.0  0.0  0.2  0.3  0.4  0.6  0.6  0.7  0.8  0.9  0.9  1.0
-39 |  1.0  1.0  1.1  1.1  1.1  1.1  1.1  1.2  1.1  1.1  1.1  1.1  1.1  1.0  1.0  0.9  0.9  0.8  0.8  0.7  0.6  0.5  0.4  0.3  0.1  0.0  0.0  0.0  0.0  0.0  0.0  0.0  0.0  0.0  0.0  0.0  0.0  0.0  0.0  0.0  0.0  0.0  0.0  0.0  0.0  0.0  0.0  0.0  0.0  0.0  0.0  0.0  0.0  0.0  0.0  0.0  0.0  0.0  0.0  0.0  0.0  0.0  0.0  0.0  0.0  0.0  0.0  0.0  0.0  0.0  0.0  0.0  0.0  0.0  0.0  0.0  0.0  0.0  0.0  0.0  0.1  0.3  0.4  0.5  0.6  0.7  0.8  0.8  0.9  0.9
-41 |  0.9  1.0  1.0  1.0  1.0  1.1  1.1  1.1  1.1  1.1  1.0  1.0  1.0  1.0  0.9  0.9  0.8  0.8  0.7  0.6  0.5  0.4  0.3  0.2  0.0  0.0  0.0  0.0  0.0  0.0  0.0  0.0  0.0  0.0  0.0  0.0  0.0  0.0  0.0  0.0  0.0  0.0  0.0  0.0  0.0  0.0  0.0  0.0  0.0  0.0  0.0  0.0  0.0  0.0  0.0  0.0  0.0  0.0  0.0  0.0  0.0  0.0  0.0  0.0  0.0  0.0  0.0  0.0  0.0  0.0  0.0  0.0  0.0  0.0  0.0  0.0  0.0  0.0  0.0  0.0  0.0  0.2  0.3  0.4  0.5  0.6  0.7  0.8  0.8  0.9
-43 |  0.9  0.9  0.9  1.0  1.0  1.0  1.0  1.0  1.0  1.0  1.0  1.0  0.9  0.9  0.9  0.8  0.8  0.7  0.6  0.6  0.5  0.4  0.3  0.1  0.0  0.0  0.0  0.0  0.0  0.0  0.0  0.0  0.0  0.0  0.0  0.0  0.0  0.0  0.0  0.0  0.0  0.0  0.0  0.0  0.0  0.0  0.0  0.0  0.0  0.0  0.0  0.0  0.0  0.0  0.0  0.0  0.0  0.0  0.0  0.0  0.0  0.0  0.0  0.0  0.0  0.0  0.0  0.0  0.0  0.0  0.0  0.0  0.0  0.0  0.0  0.0  0.0  0.0  0.0  0.0  0.0  0.1  0.3  0.4  0.5  0.6  0.6  0.7  0.8  0.8
-45 |  0.8  0.9  0.9  0.9  0.9  0.9  1.0  1.0  1.0  0.9  0.9  0.9  0.9  0.9  0.8  0.8  0.7  0.7  0.6  0.5  0.4  0.3  0.2  0.0  0.0  0.0  0.0  0.0  0.0  0.0  0.0  0.0  0.0  0.0  0.0  0.0  0.0  0.0  0.0  0.0  0.0  0.0  0.0  0.0  0.0  0.0  0.0  0.0  0.0  0.0  0.0  0.0  0.0  0.0  0.0  0.0  0.0  0.0  0.0  0.0  0.0  0.0  0.0  0.0  0.0  0.0  0.0  0.0  0.0  0.0  0.0  0.0  0.0  0.0  0.0  0.0  0.0  0.0  0.0  0.0  0.0  0.0  0.2  0.3  0.4  0.5  0.6  0.7  0.7  0.8
-47 |  0.7  0.8  0.8  0.9  0.9  0.9  0.9  0.9  0.9  0.9  0.9  0.9  0.8  0.8  0.7  0.7  0.7  0.6  0.5  0.4  0.4  0.3  0.1  0.0  0.0  0.0  0.0  0.0  0.0  0.0  0.0  0.0  0.0  0.0  0.0  0.0  0.0  0.0  0.0  0.0  0.0  0.0  0.0  0.0  0.0  0.0  0.0  0.0  0.0  0.0  0.0  0.0  0.0  0.0  0.0  0.0  0.0  0.0  0.0  0.0  0.0  0.0  0.0  0.0  0.0  0.0  0.0  0.0  0.0  0.0  0.8  0.9  0.9  0.9  0.9  0.9  0.9  0.8  0.0  0.0  0.0  0.0  0.1  0.3  0.4  0.4  0.5  0.6  0.7  0.7
-49 |  0.7  0.7  0.8  0.8  0.8  0.8  0.8  0.8  0.8  0.8  0.8  0.8  0.8  0.7  0.7  0.6  0.6  0.5  0.5  0.4  0.3  0.2  0.0  0.0  0.0  0.0  0.0  0.0  0.0  0.0  0.0  0.0  0.0  0.0  0.0  0.0  0.0  0.0  0.0  0.0  0.0  0.0  0.0  0.0  0.0  0.0  0.0  0.0  0.0  0.0  0.0  0.0  0.0  0.0  0.0  0.0  0.0  0.0  0.0  0.0  0.0  0.0  0.0  0.0  0.0  0.0  0.9  1.0  1.3  1.4  1.5  1.6  1.8  2.0  2.0  1.8  1.8  1.6  1.9  2.3  2.3  2.4  2.2  0.2  0.3  0.4  0.5  0.5  0.6  0.6
-51 |  0.6  0.7  0.7  0.7  0.7  0.8  0.8  0.8  0.8  0.8  0.7  0.7  0.7  0.7  0.6  0.6  0.5  0.5  0.4  0.3  0.2  0.1  0.0  0.0  0.0  0.0  0.0  0.0  0.0  0.0  0.0  0.0  0.0  0.0  0.0  0.0  0.0  0.0  0.0  0.0  0.0  0.0  0.0  0.0  0.0  0.0  0.0  0.0  0.0  0.0  0.0  0.0  0.0  0.0  0.0  0.0  0.0  0.0  0.0  0.0  0.0  0.0  0.0  0.8  1.0  1.3  1.5  2.0  2.4  2.9  3.5  3.9  4.2  4.5  4.5  4.5  4.2  3.9  3.9  4.5  4.6  4.5  4.1  3.9  3.1  2.6  0.4  0.5  0.5  0.6
-53 |  0.6  0.6  0.6  0.6  0.7  0.7  0.7  0.7  0.7  0.7  0.7  0.6  0.6  0.6  0.6  0.5  0.4  0.4  0.3  0.2  0.1  0.0  0.0  0.0  0.0  0.0  0.0  0.0  0.0  0.0  0.0  0.0  0.0  0.0  0.0  0.0  0.0  0.0  0.0  0.0  0.0  0.0  0.0  0.0  0.0  0.0  0.0  0.0  0.0  0.0  0.0  0.0  0.0  0.0  0.0  0.0  0.0  0.0  0.0  0.0  0.0  0.8  1.1  1.4  1.8  2.2  2.9  3.9  4.9  5.7  6.6  9.3  9.3  9.3  9.3  9.3  9.3  9.3  9.3  8.5  9.9  9.9  8.9  7.7  6.2  5.0  4.1  3.5  0.4  0.5
-55 |  3.1  0.5  0.6  0.6  0.6  0.6  0.6  0.6  0.6  0.6  0.6  0.6  0.6  0.5  0.5  0.4  0.4  0.3  0.2  0.1  0.0  0.0  0.0  0.0  0.0  0.0  0.0  0.0  0.0  0.0  0.0  0.0  0.0  0.0  0.0  0.0  0.0  0.0  0.0  0.0  0.0  0.0  0.0  0.0  0.0  0.0  0.0  0.0  0.0  0.0  0.0  0.0  0.0  0.0  0.0  0.0  0.0  0.0  0.0  0.8  1.1  1.4  1.8  2.4  3.2  4.5  5.7  9.3  9.3  9.3  9.3  9.3  9.3  9.3  9.3  9.3  9.3  9.3  9.3 10.0 11.9 13.7 15.3 14.2 13.1 10.0  7.5  5.9  4.7  3.6
-57 |  4.9  3.6  3.1  0.5  0.5  0.5  0.5  0.5  0.5  0.5  0.5  0.5  0.5  0.4  0.4  0.3  0.3  0.2  0.1  0.0  0.0  0.0  0.0  0.0  0.0  0.0  0.0  0.0  0.0  0.0  0.0  0.0  0.0  0.0  0.0  0.0  0.0  0.0  0.0  0.0  0.0  0.0  0.0  0.0  0.0  0.0  0.0  0.0  0.0  0.0  0.0  0.0  0.0  0.0  0.0  0.0  0.0  0.8  1.0  1.4  1.6  2.2  3.2  4.2  5.7  9.3  9.3  9.3  9.3  9.3  9.3  9.3  9.3  9.3  9.3  9.3  9.3  9.3  9.3  9.3 11.3 13.1 14.2 15.9 17.4 17.9 15.4 11.3  8.6  6.7
-59 |  8.7  6.7  4.8  3.6  2.9  0.4  0.5  0.5  0.5  0.4  0.4  0.4  0.4  0.3  0.3  0.3  0.2  0.1  0.0  0.0  0.0  0.0  0.0  0.0  0.0  0.0  0.0  0.0  0.0  0.0  0.0  0.0  0.0  0.0  0.0  0.0  0.0  0.0  0.0  0.0  0.0  0.0  0.0  0.0  0.0  0.0  0.0  0.0  0.0  0.0  0.0  0.0  0.0  0.0  0.0  0.8  1.0  1.3  1.6  2.0  2.9  3.9  5.2  6.6  9.3  9.3  9.3  9.3  9.3  9.3  9.3  9.3  9.3  9.3  9.3  9.3  9.3  9.3  9.3  9.3 10.0 11.9 13.7 14.8 16.4 17.4 18.4 19.4 15.9 11.9
-61 | 16.4 11.9  8.5  5.9  4.6  3.5  0.4  0.4  0.4  0.4  0.3  0.3  0.3  0.3  0.2  0.2  0.1  0.0  0.0  0.0  0.0  0.0  0.0  0.0  0.0  0.0  0.0  0.0  0.0  0.0  0.0  0.0  0.0  0.0  0.0  0.0  0.0  0.0  0.0  0.0  0.0  0.0  0.0  0.0  0.0  0.0  0.0  0.0  0.0  0.0  0.0  0.0  0.0  0.8  1.0  1.3  1.5  2.0  2.4  3.5  4.9  6.0  9.3  9.3  9.3  9.3  9.3  9.3  9.3  9.3  9.3  9.3  9.3  9.3  9.3  9.3  9.3  9.3  9.3  9.3  9.3 10.7 12.5 13.7 14.8 15.9 17.4 17.9 18.9 19.9
-63 | 18.9 18.9 15.4 10.7  7.5  5.6  3.9  3.2  0.3  0.3  0.2  0.2  0.2  0.1  0.1  0.0  0.0  0.0  0.0  0.0  0.0  0.0  0.0  0.0  0.0  0.0  0.0  0.0  0.0  0.0  0.0  0.0  0.0  0.0  0.0  0.0  0.0  0.0  0.0  0.0  0.0  0.0  0.0  0.0  0.0  0.0  0.0  0.0  0.0  0.0  0.0  0.8  1.0  1.1  1.4  1.8  2.2  2.9  4.2  5.4  9.3  9.3  9.3  9.3  9.3  9.3  9.3  9.3  9.3  9.3  9.3  9.3  9.3  9.3  9.3  9.3  9.3  9.3  9.3  9.3  9.3  9.7 11.3 12.5 13.7 14.8 15.9 16.9 17.4 18.4
-65 | 17.4 17.9 18.4 17.4 13.7  9.1  6.3  4.7  3.7  2.6  0.1  0.1  0.1  0.0  0.0  0.0  0.0  0.0  0.0  0.0  0.0  0.0  0.0  0.0  0.0  0.0  0.0  0.0  0.0  0.0  0.0  0.0  0.0  0.0  0.0  0.0  0.0  0.0  0.0  0.0  0.0  0.0  0.0  0.0  0.0  0.0  0.0  0.0  0.0  0.8  1.0  1.1  1.4  1.6  2.2  2.7  3.5  4.9  6.0  9.3  9.3  9.3  9.3  9.3  9.3  9.3  9.3  9.3  9.3  9.3  9.3  9.3  9.3  9.3  9.3  9.3  9.3  9.3  9.3  9.3  9.3  9.3 10.0 11.3 12.5 13.7 14.8 15.3 16.4 16.9
-67 | 16.4 16.9 16.9 17.4 17.9 14.8 10.7  7.7  5.8  4.0  3.2  2.3  0.0  0.0  0.0  0.0  0.0  0.0  0.0  0.0  0.0  0.0  0.0  0.0  0.0  0.0  0.0  0.0  0.0  0.0  0.0  0.0  0.0  0.0  0.0  0.0  0.0  0.0  0.0  0.0  0.0  0.0  0.0  0.0  0.0  0.0  0.0  0.8  1.0  1.1  1.4  1.6  2.0  2.7  3.2  4.5  5.4  6.6  9.3  9.3  9.3  9.3  9.3  9.3  9.3  9.3  9.3  9.3  9.3  9.3  9.3  9.3  9.3  9.3  9.3  9.3  9.3  9.3  9.3  9.3  9.3  9.3  9.3 10.0 11.3 12.5 13.1 14.2 14.8 15.3
-69 | 14.8 15.3 15.3 15.9 16.4 16.4 15.3 11.9  8.9  6.1  4.6  3.4  2.7  1.9  0.0  0.0  0.0  0.0  0.0  0.0  0.0  0.0  0.0  0.0  0.0  0.0  0.0  0.0  0.0  0.0  0.0  0.0  0.0  0.0  0.0  0.0  0.0  0.0  0.0  0.0  0.0  0.0  0.0  0.0  0.0  0.8  1.0  1.1  1.4  1.6  2.0  2.4  3.2  4.2  5.2  6.0  9.3  9.3  9.3  9.3  9.3  9.3  9.3  9.3  9.3  9.3  9.3  9.3  9.3  9.3  9.3  9.3  9.3  9.3  9.3  9.3  9.3  9.3  9.3  9.3  9.3  9.3  9.3  9.3  9.9 10.7 11.9 12.5 13.7 14.2
-71 | 13.1 13.7 13.7 14.2 14.2 14.8 14.8 14.8 13.1  9.7  7.6  5.2  3.8  2.9  2.2  1.6  1.4  0.0  0.0  0.0  0.0  0.0  0.0  0.0  0.0  0.0  0.0  0.0  0.0  0.0  0.0  0.0  0.0  0.0  0.0  0.0  0.0  0.0  0.0  0.0  0.0  0.0  0.8  0.9  1.0  1.3  1.5  1.6  2.0  2.4  3.2  3.9  4.9  5.7  9.3  9.3  9.3  9.3  9.3  9.3  9.3  9.3  9.3  9.3  9.3  9.3  9.3  9.3  9.3  9.3  9.3  9.3  9.3  9.3  9.3  9.3  9.3  9.3  9.3  9.3  9.3  9.3  9.3  9.3  9.3  9.4 10.0 11.3 11.9 12.5
-73 | 11.3 11.9 11.9 12.5 12.5 13.1 13.1 13.1 13.1 13.1 10.0  7.9  6.0  4.4  3.1  2.4  1.8  1.3  1.0  0.9  0.8  0.0  0.0  0.0  0.0  0.0  0.0  0.0  0.0  0.0  0.0  0.0  0.0  0.0  0.0  0.0  0.0  0.0  0.0  0.8  0.9  1.0  1.3  1.4  1.6  1.8  2.2  2.7  3.2  3.9  4.9  5.7  6.6  9.3  9.3  9.3  9.3  9.3  9.3  9.3  9.3  9.3  9.3  9.3  9.3  9.3  9.3  9.3  9.3  9.3  9.3  9.3  9.3  9.3  9.3  9.3  9.3  9.3  9.3  9.3  9.3  9.3  9.3  9.3  9.3  9.3  9.3  9.5 10.0 10.7
-75 |  9.5  9.9 10.7 10.7 10.7 11.3 11.3 11.3 11.3 11.3 10.7 10.7  7.3  5.9  4.4  3.2  2.7  2.2  1.8  1.5  1.4  1.3  1.1  1.0  0.9  0.9  0.8  0.8  0.8  0.8  0.8  0.8  0.8  0.8  0.9  0.9  1.0  1.1  1.3  1.4  1.5  1.6  1.8  2.2  2.4  2.9  3.5  4.2  4.9  5.7  6.6  9.3  9.3  9.3  9.3  9.3  9.3  9.3  9.3  9.3  9.3  9.3  9.3  9.3  9.3  9.3  9.3  9.3  9.3  9.3  9.3  9.3  9.3  9.3  9.3  9.3  9.3  9.3  9.3  9.3  9.3  9.3  9.3  9.3  9.3  9.3  9.3  9.3  9.3  9.3
-77 |  9.3  9.3  9.3  9.3  9.3  9.3  9.3  9.3  9.3  9.3  9.3  9.3  9.3  9.3  6.6  5.7  4.9  4.2  3.5  2.9  2.4  2.2  2.0  1.8  1.6  1.5  1.5  1.5  1.4  1.4  1.4  1.4  1.4  1.5  1.5  1.6  1.6  1.8  2.0  2.2  2.4  2.9  3.2  3.5  4.2  4.9  5.4  6.0  9.3  9.3  9.3  9.3  9.3  9.3  9.3  9.3  9.3  9.3  9.3  9.3  9.3  9.3  9.3  9.3  9.3  9.3  9.3  9.3  9.3  9.3  9.3  9.3  9.3  9.3  9.3  9.3  9.3  9.3  9.3  9.3  9.3  9.3  9.3  9.3  9.3  9.3  9.3  9.3  9.3  9.3
-79 |  9.3  9.3  9.3  9.3  9.3  9.3  9.3  9.3  9.3  9.3  9.3  9.3  9.3  9.3  9.3  9.3  9.3  6.6  6.0  5.4  4.9  4.5  3.9  3.5  3.2  3.2  2.9  2.9  2.7  2.7  2.7  2.7  2.7  2.7  2.9  2.9  3.2  3.5  3.9  4.2  4.5  4.9  5.4  5.7  6.3  9.3  9.3  9.3  9.3  9.3  9.3  9.3  9.3  9.3  9.3  9.3  9.3  9.3  9.3  9.3  9.3  9.3  9.3  9.3  9.3  9.3  9.3  9.3  9.3  9.3  9.3  9.3  9.3  9.3  9.3  9.3  9.3  9.3  9.3  9.3  9.3  9.3  9.3  9.3  9.3  9.3  9.3  9.3  9.3  9.3
-81 |  9.3  9.3  9.3  9.3  9.3  9.3  9.3  9.3  9.3  9.3  9.3  9.3  9.3  9.3  9.3  9.3  9.3  9.3  9.3  9.3  9.3  9.3  9.3  6.3  6.0  6.0  5.7  5.4  5.4  5.4  5.2  5.2  5.4  5.4  5.4  5.7  5.7  6.0  6.3  6.6  9.3  9.3  9.3  9.3  9.3  9.3  9.3  9.3  9.3  9.3  9.3  9.3  9.3  9.3  9.3  9.3  9.3  9.3  9.3  9.3  9.3  9.3  9.3  9.3  9.3  9.3  9.3  9.3  9.3  9.3  9.3  9.3  9.3  9.3  9.3  9.3  9.3  9.3  9.3  9.3  9.3  9.3  9.3  9.3  9.3  9.3  9.3  9.3  9.3  9.3
-83 |  9.3  9.3  9.3  9.3  9.3  9.3  9.3  9.3  9.3  9.3  9.3  9.3  9.3  9.3  9.3  9.3  9.3  9.3  9.3  9.3  9.3  9.3  9.3  9.3  9.3  9.3  9.3  9.3  9.3  9.3  9.3  9.3  9.3  9.3  9.3  9.3  9.3  9.3  9.3  9.3  9.3  9.3  9.3  9.3  9.3  9.3  9.3  9.3  9.3  9.3  9.3  9.3  9.3  9.3  9.3  9.3  9.3  9.3  9.3  9.3  9.3  9.3  9.3  9.3  9.3  9.3  9.3  9.3  9.3  9.3  9.3  9.3  9.3  9.3  9.3  9.3  9.3  9.3  9.3  9.3  9.3  9.3  9.3  9.3  9.3  9.3  9.3  9.3  9.3  9.3
-85 |  9.3  9.3  9.3  9.3  9.3  9.3  9.3  9.3  9.3  9.3  9.3  9.3  9.3  9.3  9.3  9.3  9.3  9.3  9.3  9.3  9.3  9.3  9.3  9.3  9.3  9.3  9.3  9.3  9.3  9.3  9.3  9.3  9.3  9.3  9.3  9.3  9.3  9.3  9.3  9.3  9.3  9.3  9.3  9.3  9.3  9.3  9.3  9.3  9.3  9.3  9.3  9.3  9.3  9.3  9.3  9.3  9.3  9.3  9.3  9.3  9.3  9.3  9.3  9.3  9.3  9.3  9.3  9.3  9.3  9.3  9.3  9.3  9.3  9.3  9.3  9.3  9.3  9.3  9.3  9.3  9.3  9.3  9.3  9.3  9.3  9.3  9.3  9.3  9.3  9.3
-87 |  9.3  9.3  9.3  9.3  9.3  9.3  9.3  9.3  9.3  9.3  9.3  9.3  9.3  9.3  9.3  9.3  9.3  9.3  9.3  9.3  9.3  9.3  9.3  9.3  9.3  9.3  9.3  9.3  9.3  9.3  9.3  9.3  9.3  9.3  9.3  9.3  9.3  9.3  9.3  9.3  9.3  9.3  9.3  9.3  9.3  9.3  9.3  9.3  9.3  9.3  9.3  9.3  9.3  9.3  9.3  9.3  9.3  9.3  9.3  9.3  9.3  9.3  9.3  9.3  9.3  9.3  9.3  9.3  9.3  9.3  9.3  9.3  9.3  9.3  9.3  9.3  9.3  9.3  9.3  9.3  9.3  9.3  9.3  9.3  9.3  9.3  9.3  9.3  9.3  9.3
-89 |  9.3  9.3  9.3  9.3  9.3  9.3  9.3  9.3  9.3  9.3  9.3  9.3  9.3  9.3  9.3  9.3  9.3  9.3  9.3  9.3  9.3  9.3  9.3  9.3  9.3  9.3  9.3  9.3  9.3  9.3  9.3  9.3  9.3  9.3  9.3  9.3  9.3  9.3  9.3  9.3  9.3  9.3  9.3  9.3  9.3  9.3  9.3  9.3  9.3  9.3  9.3  9.3  9.3  9.3  9.3  9.3  9.3  9.3  9.3  9.3  9.3  9.3  9.3  9.3  9.3  9.3  9.3  9.3  9.3  9.3  9.3  9.3  9.3  9.3  9.3  9.3  9.3  9.3  9.3  9.3  9.3  9.3  9.3  9.3  9.3  9.3  9.3  9.3  9.3  9.3
