


yyyy/mmdd(or -ddd)/hh.h):2015/-182/12.0LT  geog Lat/Long/Alt= 41.0/ 250.0/ 100.0

NeQuick is used for topside Ne profile
OTSB2012 plasmasphere model w/o  plasmapause
URSI maps are used for the F2 peak density (NmF2)
foF2 STORM model is turned on 
AMTB-2013 model is used for F2 peak height (hmF2)
ABT-2009 option is used for the bottomside thickness parameter B0
Scotto-97 no L   option is used for the F1 occurrence probability
foE auroral storm model is turned off
IRI-1990   option is used for D-region
TBT-2012 with solar dependence is used for the electron temperature
TBKS2021 option is used for the ion temperature
RBV10+TBT15 option is used for ion composition
CGM coordinates not computed
auroral boundaries not computed

Peak Densities/cm-3: NmF2= 507597.6   NmF1= 283569.3   NmE= 160743.0
Peak Heights/km:     hmF2=   250.99   hmF1=   171.90   hmE=   110.00

Solar Zenith Angle/degree                              18.0
Dip (Magnetic Inclination)/degree                      66.48
Modip (Modified Dip)/degree                            53.18
Solar Sunspot Number (12-months running mean) Rz12     49.1           
Ionospheric-Effective Solar Index IG12                 68.7           
Solar radio flux F10.7 (daily)                        113.3           
Solar radio flux F10.7 (81-day average)               117.0           

-
   H   ELECTRON DENSITY   TEMPERATURES      ION PERCENTAGES[%]*10    1E16m-2
   km  Ne/cm-3 Ne/NmF2 Tn/K  Ti/K  Te/K  O+  N+  H+ He+ O2+ NO+ Clust TEC t/%
  50.0      -1 -1.000    -1    -1    -1  -1  -1  -1  -1  -1  -1  -1  -1.0  -1
  51.0       0  0.000    -1    -1    -1  -1  -1  -1  -1  -1  -1  -1  -1.0  -1
  52.0       1  0.000    -1    -1    -1  -1  -1  -1  -1  -1  -1  -1  -1.0  -1
  53.0       1  0.000    -1    -1    -1  -1  -1  -1  -1  -1  -1  -1  -1.0  -1
  54.0       2  0.000    -1    -1    -1  -1  -1  -1  -1  -1  -1  -1  -1.0  -1
  55.0       4  0.000    -1    -1    -1  -1  -1  -1  -1  -1  -1  -1  -1.0  -1
  56.0       6  0.000    -1    -1    -1  -1  -1  -1  -1  -1  -1  -1  -1.0  -1
  57.0       9  0.000    -1    -1    -1  -1  -1  -1  -1  -1  -1  -1  -1.0  -1
  58.0      15  0.000    -1    -1    -1  -1  -1  -1  -1  -1  -1  -1  -1.0  -1
  59.0      22  0.000    -1    -1    -1  -1  -1  -1  -1  -1  -1  -1  -1.0  -1
  60.0      32  0.000   243   243   243  -1  -1  -1  -1  -1  -1  -1  -1.0  -1
  61.0      45  0.000   239   239   239  -1  -1  -1  -1  -1  -1  -1  -1.0  -1
  62.0      62  0.000   235   235   235  -1  -1  -1  -1  -1  -1  -1  -1.0  -1
  63.0      84  0.000   232   232   232  -1  -1  -1  -1  -1  -1  -1  -1.0  -1
  64.0     110  0.000   228   228   228  -1  -1  -1  -1  -1  -1  -1  -1.0  -1
  65.0     142  0.000   225   225   225  -1  -1  -1  -1  -1  -1  -1  -1.0  -1
  66.0     178  0.000   221   221   221  -1  -1  -1  -1  -1  -1  -1  -1.0  -1
  67.0     219  0.000   218   218   218  -1  -1  -1  -1  -1  -1  -1  -1.0  -1
  68.0     265  0.001   214   214   214  -1  -1  -1  -1  -1  -1  -1  -1.0  -1
  69.0     314  0.001   211   211   211  -1  -1  -1  -1  -1  -1  -1  -1.0  -1
  70.0     366  0.001   208   208   208  -1  -1  -1  -1  -1  -1  -1  -1.0  -1
  71.0     420  0.001   205   205   205  -1  -1  -1  -1  -1  -1  -1  -1.0  -1
  72.0     476  0.001   202   202   202  -1  -1  -1  -1  -1  -1  -1  -1.0  -1
  73.0     531  0.001   199   199   199  -1  -1  -1  -1  -1  -1  -1  -1.0  -1
  74.0     586  0.001   196   196   196  -1  -1  -1  -1  -1  -1  -1  -1.0  -1
  75.0     640  0.001   193   193   193  -1  -1  -1  -1  -1  -1  -1  -1.0  -1
  76.0     692  0.001   190   190   190  -1  -1  -1  -1  -1  -1  -1  -1.0  -1
  77.0     742  0.001   187   187   187  -1  -1  -1  -1  -1  -1  -1  -1.0  -1
  78.0     790  0.002   184   184   184  -1  -1  -1  -1  -1  -1  -1  -1.0  -1
  79.0     836  0.002   181   181   181  -1  -1  -1  -1  -1  -1  -1  -1.0  -1
  80.0     880  0.002   178   178   178   0   0   0   0   7 993  -1  -1.0  -1
  81.0     924  0.002   176   176   176   0   0   0   0   8 992  -1  -1.0  -1
  82.0     976  0.002   173   173   173   0   0   0   0   9 991  -1  -1.0  -1
  83.0    1081  0.002   171   171   171   0   0   0   0  10 990  -1  -1.0  -1
  84.0    1318  0.003   170   170   170   0   0   0   0  12 988  -1  -1.0  -1
  85.0    1862  0.004   168   168   168   0   0   0   0  17 983  -1  -1.0  -1
  86.0    3130  0.006   167   167   167   0   0   0   0  28 972  -1  -1.0  -1
  87.0    5245  0.010   167   167   167   0   0   0   0  47 953  -1  -1.0  -1
  88.0    8368  0.016   167   167   167   0   0   0   0  72 928  -1  -1.0  -1
  89.0   12746  0.025   167   167   167   0   0   0   0 106 894  -1  -1.0  -1
  90.0   18584  0.037   168   168   168   0   0   0   0 146 854  -1  -1.0  -1
  91.0   26007  0.051   170   170   170   0   0   0   0 192 808  -1  -1.0  -1
  92.0   35028  0.069   172   172   172   0   0   0   0 241 759  -1  -1.0  -1
  93.0   45520  0.090   174   174   174   0   0   0   0 299 701  -1  -1.0  -1
  94.0   57226  0.113   177   177   177   0   0   0   0 356 644  -1  -1.0  -1
  95.0   69770  0.137   181   181   181   0   0   0   0 408 592  -1  -1.0  -1
  96.0   82699  0.163   185   185   185   0   0   0   0 454 546  -1  -1.0  -1
  97.0   95531  0.188   189   189   189   0   0   0   0 493 507  -1  -1.0  -1
  98.0  107801  0.212   193   193   193   0   0   0   0 525 475  -1  -1.0  -1
  99.0  119109  0.235   198   198   198   0   0   0   0 522 478  -1  -1.0  -1
 100.0  129149  0.254   202   202   202   0   0   0   0 502 498  -1  -1.0  -1
