


yyyy/mmdd(or -ddd)/hh.h):2024/ -92/12.0LT  geog Lat/Long/Alt= 41.0/ 250.0/ 100.0

NeQuick is used for topside Ne profile
OTSB2012 plasmasphere model w/o  plasmapause
URSI maps are used for the F2 peak density (NmF2)
foF2 STORM model is turned on 
AMTB-2013 model is used for F2 peak height (hmF2)
ABT-2009 option is used for the bottomside thickness parameter B0
Scotto-97 no L   option is used for the F1 occurrence probability
foE auroral storm model is turned off
IRI-1990   option is used for D-region
TBT-2012 with solar dependence is used for the electron temperature
TBKS2021 option is used for the ion temperature
RBV10+TBT15 option is used for ion composition
CGM coordinates not computed
auroral boundaries not computed

Peak Densities/cm-3: NmF2=1380484.8   NmF1= 322728.0   NmE= 174760.9
Peak Heights/km:     hmF2=   293.16   hmF1=   164.28   hmE=   110.00

Solar Zenith Angle/degree                              35.8
Dip (Magnetic Inclination)/degree                      66.21
Modip (Modified Dip)/degree                            53.06
Solar Sunspot Number (12-months running mean) Rz12    100.2           
Ionospheric-Effective Solar Index IG12                120.5           
Solar radio flux F10.7 (daily)                        120.3           
Solar radio flux F10.7 (81-day average)               163.6           

-
   H   ELECTRON DENSITY   TEMPERATURES      ION PERCENTAGES[%]*10    1E16m-2
   km  Ne/cm-3 Ne/NmF2 Tn/K  Ti/K  Te/K  O+  N+  H+ He+ O2+ NO+ Clust TEC t/%
  50.0      -1 -1.000    -1    -1    -1  -1  -1  -1  -1  -1  -1  -1  -1.0  -1
  51.0       0  0.000    -1    -1    -1  -1  -1  -1  -1  -1  -1  -1  -1.0  -1
  52.0       1  0.000    -1    -1    -1  -1  -1  -1  -1  -1  -1  -1  -1.0  -1
  53.0       2  0.000    -1    -1    -1  -1  -1  -1  -1  -1  -1  -1  -1.0  -1
  54.0       3  0.000    -1    -1    -1  -1  -1  -1  -1  -1  -1  -1  -1.0  -1
  55.0       5  0.000    -1    -1    -1  -1  -1  -1  -1  -1  -1  -1  -1.0  -1
  56.0       8  0.000    -1    -1    -1  -1  -1  -1  -1  -1  -1  -1  -1.0  -1
  57.0      13  0.000    -1    -1    -1  -1  -1  -1  -1  -1  -1  -1  -1.0  -1
  58.0      19  0.000    -1    -1    -1  -1  -1  -1  -1  -1  -1  -1  -1.0  -1
  59.0      29  0.000    -1    -1    -1  -1  -1  -1  -1  -1  -1  -1  -1.0  -1
  60.0      43  0.000   238   238   238  -1  -1  -1  -1  -1  -1  -1  -1.0  -1
  61.0      60  0.000   236   236   236  -1  -1  -1  -1  -1  -1  -1  -1.0  -1
  62.0      84  0.000   233   233   233  -1  -1  -1  -1  -1  -1  -1  -1.0  -1
  63.0     113  0.000   231   231   231  -1  -1  -1  -1  -1  -1  -1  -1.0  -1
  64.0     148  0.000   229   229   229  -1  -1  -1  -1  -1  -1  -1  -1.0  -1
  65.0     190  0.000   227   227   227  -1  -1  -1  -1  -1  -1  -1  -1.0  -1
  66.0     239  0.000   225   225   225  -1  -1  -1  -1  -1  -1  -1  -1.0  -1
  67.0     295  0.000   224   224   224  -1  -1  -1  -1  -1  -1  -1  -1.0  -1
  68.0     356  0.000   222   222   222  -1  -1  -1  -1  -1  -1  -1  -1.0  -1
  69.0     422  0.000   220   220   220  -1  -1  -1  -1  -1  -1  -1  -1.0  -1
  70.0     493  0.000   218   218   218  -1  -1  -1  -1  -1  -1  -1  -1.0  -1
  71.0     566  0.000   216   216   216  -1  -1  -1  -1  -1  -1  -1  -1.0  -1
  72.0     641  0.000   214   214   214  -1  -1  -1  -1  -1  -1  -1  -1.0  -1
  73.0     715  0.001   212   212   212  -1  -1  -1  -1  -1  -1  -1  -1.0  -1
  74.0     790  0.001   211   211   211  -1  -1  -1  -1  -1  -1  -1  -1.0  -1
  75.0     862  0.001   209   209   209  -1  -1  -1  -1  -1  -1  -1  -1.0  -1
  76.0     932  0.001   208   208   208  -1  -1  -1  -1  -1  -1  -1  -1.0  -1
  77.0    1000  0.001   207   207   207  -1  -1  -1  -1  -1  -1  -1  -1.0  -1
  78.0    1064  0.001   205   205   205  -1  -1  -1  -1  -1  -1  -1  -1.0  -1
  79.0    1127  0.001   204   204   204  -1  -1  -1  -1  -1  -1  -1  -1.0  -1
  80.0    1187  0.001   203   203   203   0   0   0   0   8 992  -1  -1.0  -1
  81.0    1246  0.001   202   202   202   0   0   0   0   9 991  -1  -1.0  -1
  82.0    1315  0.001   201   201   201   0   0   0   0  10 990  -1  -1.0  -1
  83.0    1456  0.001   200   200   200   0   0   0   0  11 989  -1  -1.0  -1
  84.0    1774  0.001   199   199   199   0   0   0   0  14 986  -1  -1.0  -1
  85.0    2503  0.002   198   198   198   0   0   0   0  20 980  -1  -1.0  -1
  86.0    4203  0.003   197   197   197   0   0   0   0  33 967  -1  -1.0  -1
  87.0    7022  0.005   196   196   196   0   0   0   0  54 946  -1  -1.0  -1
  88.0   11132  0.008   195   195   195   0   0   0   0  82 918  -1  -1.0  -1
  89.0   16803  0.012   194   194   194   0   0   0   0 119 881  -1  -1.0  -1
  90.0   24224  0.018   192   192   192   0   0   0   0 163 837  -1  -1.0  -1
  91.0   33464  0.024   191   191   191   0   0   0   0 212 788  -1  -1.0  -1
  92.0   44437  0.032   190   190   190   0   0   0   0 264 736  -1  -1.0  -1
  93.0   56891  0.041   188   188   188   0   0   0   0 325 675  -1  -1.0  -1
  94.0   70433  0.051   187   187   187   0   0   0   0 384 616  -1  -1.0  -1
  95.0   84565  0.061   187   187   187   0   0   0   0 437 563  -1  -1.0  -1
  96.0   98741  0.072   186   186   186   0   0   0   0 485 515  -1  -1.0  -1
  97.0  112429  0.081   186   186   186   0   0   0   0 524 476  -1  -1.0  -1
  98.0  125159  0.091   186   186   186   0   0   0   0 556 444  -1  -1.0  -1
  99.0  136568  0.099   187   187   187   0   0   0   0 581 419  -1  -1.0  -1
 100.0  146416  0.106   189   189   189   0   0   0   0 598 402  -1  -1.0  -1
