


yyyy/mmdd(or -ddd)/hh.h):2024/-183/16.0LT  geog Lat/Long/Alt= 41.0/ 250.0/ 100.0

NeQuick is used for topside Ne profile
OTSB2012 plasmasphere model w/o  plasmapause
URSI maps are used for the F2 peak density (NmF2)
foF2 STORM model is turned on 
AMTB-2013 model is used for F2 peak height (hmF2)
ABT-2009 option is used for the bottomside thickness parameter B0
Scotto-97 no L   option is used for the F1 occurrence probability
foE auroral storm model is turned off
IRI-1990   option is used for D-region
TBT-2012 with solar dependence is used for the electron temperature
TBKS2021 option is used for the ion temperature
RBV10+TBT15 option is used for ion composition
CGM coordinates not computed
auroral boundaries not computed

Peak Densities/cm-3: NmF2= 694610.5   NmF1=      0.0   NmE= 149305.6
Peak Heights/km:     hmF2=   294.80   hmF1=     0.00   hmE=   110.00

Solar Zenith Angle/degree                              52.2
Dip (Magnetic Inclination)/degree                      66.20
Modip (Modified Dip)/degree                            53.06
Solar Sunspot Number (12-months running mean) Rz12    107.7           
Ionospheric-Effective Solar Index IG12                127.3           
Solar radio flux F10.7 (daily)                        176.3           
Solar radio flux F10.7 (81-day average)               205.1           

-
   H   ELECTRON DENSITY   TEMPERATURES      ION PERCENTAGES[%]*10    1E16m-2
   km  Ne/cm-3 Ne/NmF2 Tn/K  Ti/K  Te/K  O+  N+  H+ He+ O2+ NO+ Clust TEC t/%
  50.0      -1 -1.000    -1    -1    -1  -1  -1  -1  -1  -1  -1  -1  -1.0  -1
  51.0       0  0.000    -1    -1    -1  -1  -1  -1  -1  -1  -1  -1  -1.0  -1
  52.0       1  0.000    -1    -1    -1  -1  -1  -1  -1  -1  -1  -1  -1.0  -1
  53.0       1  0.000    -1    -1    -1  -1  -1  -1  -1  -1  -1  -1  -1.0  -1
  54.0       2  0.000    -1    -1    -1  -1  -1  -1  -1  -1  -1  -1  -1.0  -1
  55.0       4  0.000    -1    -1    -1  -1  -1  -1  -1  -1  -1  -1  -1.0  -1
  56.0       6  0.000    -1    -1    -1  -1  -1  -1  -1  -1  -1  -1  -1.0  -1
  57.0      10  0.000    -1    -1    -1  -1  -1  -1  -1  -1  -1  -1  -1.0  -1
  58.0      15  0.000    -1    -1    -1  -1  -1  -1  -1  -1  -1  -1  -1.0  -1
  59.0      23  0.000    -1    -1    -1  -1  -1  -1  -1  -1  -1  -1  -1.0  -1
  60.0      34  0.000   245   245   245  -1  -1  -1  -1  -1  -1  -1  -1.0  -1
  61.0      48  0.000   243   243   243  -1  -1  -1  -1  -1  -1  -1  -1.0  -1
  62.0      68  0.000   240   240   240  -1  -1  -1  -1  -1  -1  -1  -1.0  -1
  63.0      92  0.000   237   237   237  -1  -1  -1  -1  -1  -1  -1  -1.0  -1
  64.0     121  0.000   234   234   234  -1  -1  -1  -1  -1  -1  -1  -1.0  -1
  65.0     157  0.000   231   231   231  -1  -1  -1  -1  -1  -1  -1  -1.0  -1
  66.0     198  0.000   228   228   228  -1  -1  -1  -1  -1  -1  -1  -1.0  -1
  67.0     245  0.000   224   224   224  -1  -1  -1  -1  -1  -1  -1  -1.0  -1
  68.0     298  0.000   221   221   221  -1  -1  -1  -1  -1  -1  -1  -1.0  -1
  69.0     355  0.001   218   218   218  -1  -1  -1  -1  -1  -1  -1  -1.0  -1
  70.0     415  0.001   215   215   215  -1  -1  -1  -1  -1  -1  -1  -1.0  -1
  71.0     478  0.001   212   212   212  -1  -1  -1  -1  -1  -1  -1  -1.0  -1
  72.0     542  0.001   209   209   209  -1  -1  -1  -1  -1  -1  -1  -1.0  -1
  73.0     607  0.001   206   206   206  -1  -1  -1  -1  -1  -1  -1  -1.0  -1
  74.0     671  0.001   203   203   203  -1  -1  -1  -1  -1  -1  -1  -1.0  -1
  75.0     734  0.001   200   200   200  -1  -1  -1  -1  -1  -1  -1  -1.0  -1
  76.0     794  0.001   196   196   196  -1  -1  -1  -1  -1  -1  -1  -1.0  -1
  77.0     852  0.001   193   193   193  -1  -1  -1  -1  -1  -1  -1  -1.0  -1
  78.0     908  0.001   190   190   190  -1  -1  -1  -1  -1  -1  -1  -1.0  -1
  79.0     962  0.001   186   186   186  -1  -1  -1  -1  -1  -1  -1  -1.0  -1
  80.0    1013  0.001   183   183   183   0   0   0   0   8 992  -1  -1.0  -1
  81.0    1064  0.002   180   180   180   0   0   0   0   8 992  -1  -1.0  -1
  82.0    1122  0.002   178   178   178   0   0   0   0   9 991  -1  -1.0  -1
  83.0    1237  0.002   175   175   175   0   0   0   0  11 989  -1  -1.0  -1
  84.0    1498  0.002   173   173   173   0   0   0   0  14 986  -1  -1.0  -1
  85.0    2094  0.003   170   170   170   0   0   0   0  19 981  -1  -1.0  -1
  86.0    3495  0.005   168   168   168   0   0   0   0  31 969  -1  -1.0  -1
  87.0    5857  0.008   167   167   167   0   0   0   0  52 948  -1  -1.0  -1
  88.0    9312  0.013   165   165   165   0   0   0   0  80 920  -1  -1.0  -1
  89.0   14091  0.020   164   164   164   0   0   0   0 116 884  -1  -1.0  -1
  90.0   20364  0.029   164   164   164   0   0   0   0 159 841  -1  -1.0  -1
  91.0   28193  0.041   163   163   163   0   0   0   0 207 793  -1  -1.0  -1
  92.0   37512  0.054   163   163   163   0   0   0   0 258 741  -1  -1.0  -1
  93.0   48113  0.069   164   164   164   0   0   0   0 318 682  -1  -1.0  -1
  94.0   59663  0.086   164   164   164   0   0   0   0 375 625  -1  -1.0  -1
  95.0   71739  0.103   166   166   166   0   0   0   0 427 573  -1  -1.0  -1
  96.0   83874  0.121   167   167   167   0   0   0   0 472 528  -1  -1.0  -1
  97.0   95609  0.138   170   170   170   0   0   0   0 509 491  -1  -1.0  -1
  98.0  106540  0.153   173   173   173   0   0   0   0 538 461  -1  -1.0  -1
  99.0  116349  0.168   176   176   176   0   0   0   0 560 440  -1  -1.0  -1
 100.0  124827  0.180   180   180   180   0   0   0   0 539 461  -1  -1.0  -1
