


yyyy/mmdd(or -ddd)/hh.h):2015/-182/18.0UT  geog Lat/Long/Alt= 89.0/   2.0/ 100.0

NeQuick is used for topside Ne profile
OTSB2012 plasmasphere model w/o  plasmapause
URSI maps are used for the F2 peak density (NmF2)
foF2 STORM model is turned on 
AMTB-2013 model is used for F2 peak height (hmF2)
ABT-2009 option is used for the bottomside thickness parameter B0
Scotto-97 no L   option is used for the F1 occurrence probability
foE auroral storm model is turned off
IRI-1990   option is used for D-region
TBT-2012 with solar dependence is used for the electron temperature
TBKS2021 option is used for the ion temperature
RBV10+TBT15 option is used for ion composition
CGM coordinates not computed
auroral boundaries not computed

Peak Densities/cm-3: NmF2= 287042.4   NmF1=      0.0   NmE=  78924.3
Peak Heights/km:     hmF2=   286.66   hmF1=     0.00   hmE=   110.00

Solar Zenith Angle/degree                              67.1
Dip (Magnetic Inclination)/degree                      87.81
Modip (Modified Dip)/degree                            85.07
Solar Sunspot Number (12-months running mean) Rz12     49.1           
Ionospheric-Effective Solar Index IG12                 68.7           
Solar radio flux F10.7 (daily)                        113.3           
Solar radio flux F10.7 (81-day average)               117.0           

-
   H   ELECTRON DENSITY   TEMPERATURES      ION PERCENTAGES[%]*10    1E16m-2
   km  Ne/cm-3 Ne/NmF2 Tn/K  Ti/K  Te/K  O+  N+  H+ He+ O2+ NO+ Clust TEC t/%
  50.0      -1 -1.000    -1    -1    -1  -1  -1  -1  -1  -1  -1  -1  -1.0  -1
  51.0       0  0.000    -1    -1    -1  -1  -1  -1  -1  -1  -1  -1  -1.0  -1
  52.0       0  0.000    -1    -1    -1  -1  -1  -1  -1  -1  -1  -1  -1.0  -1
  53.0       1  0.000    -1    -1    -1  -1  -1  -1  -1  -1  -1  -1  -1.0  -1
  54.0       1  0.000    -1    -1    -1  -1  -1  -1  -1  -1  -1  -1  -1.0  -1
  55.0       2  0.000    -1    -1    -1  -1  -1  -1  -1  -1  -1  -1  -1.0  -1
  56.0       4  0.000    -1    -1    -1  -1  -1  -1  -1  -1  -1  -1  -1.0  -1
  57.0       5  0.000    -1    -1    -1  -1  -1  -1  -1  -1  -1  -1  -1.0  -1
  58.0       8  0.000    -1    -1    -1  -1  -1  -1  -1  -1  -1  -1  -1.0  -1
  59.0      12  0.000    -1    -1    -1  -1  -1  -1  -1  -1  -1  -1  -1.0  -1
  60.0      16  0.000   267   267   267  -1  -1  -1  -1  -1  -1  -1  -1.0  -1
  61.0      23  0.000   264   264   264  -1  -1  -1  -1  -1  -1  -1  -1.0  -1
  62.0      30  0.000   261   261   261  -1  -1  -1  -1  -1  -1  -1  -1.0  -1
  63.0      40  0.000   257   257   257  -1  -1  -1  -1  -1  -1  -1  -1.0  -1
  64.0      51  0.000   253   253   253  -1  -1  -1  -1  -1  -1  -1  -1.0  -1
  65.0      65  0.000   250   250   250  -1  -1  -1  -1  -1  -1  -1  -1.0  -1
  66.0      80  0.000   246   246   246  -1  -1  -1  -1  -1  -1  -1  -1.0  -1
  67.0      97  0.000   242   242   242  -1  -1  -1  -1  -1  -1  -1  -1.0  -1
  68.0     116  0.000   238   238   238  -1  -1  -1  -1  -1  -1  -1  -1.0  -1
  69.0     136  0.000   233   233   233  -1  -1  -1  -1  -1  -1  -1  -1.0  -1
  70.0     158  0.001   229   229   229  -1  -1  -1  -1  -1  -1  -1  -1.0  -1
  71.0     181  0.001   225   225   225  -1  -1  -1  -1  -1  -1  -1  -1.0  -1
  72.0     204  0.001   220   220   220  -1  -1  -1  -1  -1  -1  -1  -1.0  -1
  73.0     227  0.001   215   215   215  -1  -1  -1  -1  -1  -1  -1  -1.0  -1
  74.0     250  0.001   209   209   209  -1  -1  -1  -1  -1  -1  -1  -1.0  -1
  75.0     273  0.001   201   201   201  -1  -1  -1  -1  -1  -1  -1  -1.0  -1
  76.0     296  0.001   192   192   192  -1  -1  -1  -1  -1  -1  -1  -1.0  -1
  77.0     318  0.001   184   184   184  -1  -1  -1  -1  -1  -1  -1  -1.0  -1
  78.0     339  0.001   175   175   175  -1  -1  -1  -1  -1  -1  -1  -1.0  -1
  79.0     360  0.001   167   167   167  -1  -1  -1  -1  -1  -1  -1  -1.0  -1
  80.0     380  0.001   160   160   160   0   0   0   0   3 997  -1  -1.0  -1
  81.0     400  0.001   153   153   153   0   0   0   0   3 997  -1  -1.0  -1
  82.0     423  0.001   147   147   147   0   0   0   0   4 996  -1  -1.0  -1
  83.0     470  0.002   142   142   142   0   0   0   0   4 996  -1  -1.0  -1
  84.0     573  0.002   138   138   138   0   0   0   0   6 994  -1  -1.0  -1
  85.0     808  0.003   134   134   134   0   0   0   0   9 991  -1  -1.0  -1
  86.0    1354  0.005   132   132   132   0   0   0   0  16 984  -1  -1.0  -1
  87.0    2265  0.008   130   130   130   0   0   0   0  27 973  -1  -1.0  -1
  88.0    3616  0.013   129   129   129   0   0   0   0  42 958  -1  -1.0  -1
  89.0    5524  0.019   130   130   130   0   0   0   0  62 938  -1  -1.0  -1
  90.0    8093  0.028   132   132   132   0   0   0   0  87 913  -1  -1.0  -1
  91.0   11400  0.040   135   135   135   0   0   0   0 114 886  -1  -1.0  -1
  92.0   15474  0.054   139   139   139   0   0   0   0 144 856  -1  -1.0  -1
  93.0   20284  0.071   145   145   145   0   0   0   0 182 818  -1  -1.0  -1
  94.0   25737  0.090   152   152   152   0   0   0   0 222 778  -1  -1.0  -1
  95.0   31682  0.110   161   161   161   0   0   0   0 260 740  -1  -1.0  -1
  96.0   37920  0.132   171   171   171   0   0   0   0 295 705  -1  -1.0  -1
  97.0   44226  0.154   182   182   182   0   0   0   0 325 675  -1  -1.0  -1
  98.0   50370  0.175   195   195   195   0   0   0   0 350 650  -1  -1.0  -1
  99.0   56143  0.196   208   208   208   0   0   0   0 371 629  -1  -1.0  -1
 100.0   61370  0.214   222   222   222   0   0   0   0 388 612  -1  -1.0  -1
